Standard EKF — UWB Realtime
  Q=0.01 mm²   R=300.0 mm²
  Anchors : ['0x1001', '0x1002', '0x1003', '0x1004']
  Height  : 1400.0 mm

Đang kết nối /dev/serial/by-id/usb-SEGGER_J-Link_000760192143-if00 @ 921600...
OK. Đang chờ dữ liệu... (Ctrl+C để dừng)

 Time(s)   Frame      X(mm)      Y(mm)
----------------------------------------
[EKF] init  x=6547.4  y=985.7
   0.002       1     6565.4      912.6
   0.016       2     6590.4      935.8
   0.033       3     6585.3      937.3
   0.050       4     6589.7      942.9
   0.066       5     6587.2      934.0
   0.083       6     6586.3      930.0
   0.100       7     6584.4      932.1
   0.117       8     6582.2      928.3
   0.134       9     6579.1      928.4
   0.152      10     6581.5      928.9
   0.169      11     6579.8      930.6
   0.186      12     6577.2      932.9
   0.202      13     6575.0      933.0
   0.219      14     6572.9      933.6
   0.236      15     6573.2      933.2
   0.253      16     6574.0      933.2
   0.270      17     6574.8      934.5
   0.287      18     6574.2      932.5
   0.304      19     6573.5      932.2
   0.320      20     6574.6      931.5
   0.337      21     6574.0      930.2
   0.354      22     6576.0      930.8
   0.371      23     6575.6      930.2
   0.388      24     6576.1      929.2
   0.405      25     6576.3      928.6
   0.422      26     6575.9      927.7
   0.438      27     6575.4      928.0
   0.454      28     6574.6      928.5
   0.473      29     6573.3      928.1
   0.489      30     6573.0      927.1
   0.506      31     6572.6      925.6
   0.523      32     6572.1      924.1
   0.540      33     6571.2      924.8
   0.556      34     6571.5      925.6
   0.575      35     6571.0      925.8
   0.591      36     6571.5      924.7
   0.608      37     6571.7      924.7
   0.625      38     6572.3      925.1
   0.642      39     6571.9      925.0
   0.659      40     6571.7      925.6
   0.676      41     6571.6      926.0
   0.692      42     6571.3      926.1
   0.709      43     6572.3      924.5
   0.726      44     6572.8      925.3
   0.743      45     6572.9      925.7
   0.760      46     6572.1      925.5
   0.777      47     6572.5      925.3
   0.795      48     6572.6      925.5
   0.812      49     6572.7      924.9
   0.829      50     6572.5      925.7
   0.845      51     6571.9      925.1
   0.862      52     6571.9      924.7
   0.879      53     6571.9      924.4
   0.896      54     6572.4      923.8
   0.912      55     6571.9      924.2
   0.929      56     6572.2      924.2
   0.946      57     6571.8      925.3
   0.963      58     6571.8      925.8
   0.980      59     6571.2      925.7
   0.996      60     6571.1      925.1
   1.015      61     6571.1      924.9
   1.031      62     6571.3      924.8
   1.048      63     6571.2      925.1
   1.065      64     6571.1      925.0
   1.082      65     6570.7      924.9
   1.099      66     6570.5      924.6
   1.116      67     6570.5      924.7
   1.132      68     6570.0      924.3
   1.149      69     6569.9      924.4
   1.166      70     6569.8      924.5
   1.183      71     6570.1      924.0
   1.200      72     6570.6      924.2
   1.217      73     6570.9      923.6
   1.234      74     6570.4      923.9
   1.251      75     6570.3      924.2
   1.267      76     6570.0      924.2
   1.284      77     6569.8      924.5
   1.301      78     6569.7      924.3
   1.318      79     6570.3      924.7
   1.335      80     6570.8      924.3
   1.352      81     6570.5      924.0
   1.369      82     6570.7      923.7
   1.386      83     6569.9      924.3
   1.402      84     6569.8      924.2
   1.419      85     6569.9      924.4
   1.436      86     6570.1      924.3
   1.453      87     6570.2      924.4
   1.470      88     6570.2      924.6
   1.487      89     6570.3      924.3
   1.504      90     6570.5      924.6
   1.521      91     6570.7      924.7
   1.537      92     6570.6      925.0
   1.554      93     6571.0      925.0
   1.571      94     6571.5      925.3
   1.588      95     6571.5      925.8
   1.605      96     6571.3      926.0
   1.622      97     6571.4      925.9
   1.639      98     6571.6      926.1
   1.656      99     6571.9      926.4
   1.672     100     6571.9      926.5
   1.689     101     6572.0      926.7
   1.705     102     6572.4      926.5
   1.722     103     6572.3      926.7
   1.739     104     6572.7      926.6
   1.756     105     6572.6      926.7
   1.773     106     6572.7      926.9
   1.789     107     6572.6      926.7
   1.806     108     6572.4      926.5
   1.823     109     6572.4      926.3
   1.840     110     6572.1      926.2
   1.856     111     6572.4      926.1
   1.873     112     6572.6      926.1
   1.890     113     6572.7      926.3
   1.907     114     6572.5      925.9
   1.924     115     6572.5      926.6
   1.941     116     6572.3      927.0
   1.958     117     6572.9      927.3
   1.975     118     6572.8      927.3
   1.991     119     6573.0      926.6
   2.008     120     6573.2      927.3
   2.024     121     6573.5      927.4
   2.041     122     6573.5      927.5
   2.058     123     6573.4      927.8
   2.075     124     6573.7      927.9
   2.092     125     6573.3      928.2
   2.109     126     6573.2      928.5
   2.126     127     6573.4      928.4
   2.143     128     6573.4      928.1
   2.159     129     6573.5      928.1
   2.176     130     6573.9      928.3
   2.193     131     6573.9      928.3
   2.210     132     6574.0      928.5
   2.227     133     6574.2      928.2
   2.244     134     6574.4      927.9
   2.261     135     6574.3      927.7
   2.278     136     6574.5      927.8
   2.294     137     6574.2      927.6
   2.311     138     6574.3      927.9
   2.328     139     6574.2      928.2
   2.345     140     6574.8      928.3
   2.362     141     6574.7      928.3
   2.379     142     6574.9      928.1
   2.396     143     6575.3      928.4
   2.413     144     6575.5      928.6
   2.429     145     6576.0      928.6
   2.446     146     6576.1      928.6
   2.463     147     6575.9      928.8
   2.480     148     6576.0      928.9
   2.497     149     6575.9      928.9
   2.514     150     6575.8      929.2
   2.531     151     6575.7      929.0
   2.548     152     6575.7      929.1
   2.565     153     6575.4      929.0
   2.581     154     6575.5      928.8
   2.598     155     6575.5      928.9
   2.615     156     6575.4      929.2
   2.632     157     6575.3      929.5
   2.649     158     6575.5      929.6
   2.666     159     6575.5      929.4
   2.683     160     6575.5      929.3
   2.700     161     6575.2      929.3
   2.716     162     6575.4      929.3
   2.733     163     6575.5      929.3
   2.750     164     6575.5      929.5
   2.767     165     6575.4      929.3
   2.784     166     6575.8      929.3
   2.801     167     6575.6      929.2
   2.818     168     6575.5      929.5
   2.835     169     6575.6      929.7
   2.851     170     6575.4      929.8
   2.868     171     6575.4      929.6
   2.885     172     6575.2      929.7
   2.902     173     6575.5      929.7
   2.919     174     6575.5      929.8
   2.936     175     6575.7      929.7
   2.954     176     6576.1      929.6
   2.971     177     6576.1      929.5
   2.987     178     6575.9      929.2
   3.004     179     6576.0      929.3
   3.021     180     6576.1      929.2
   3.038     181     6576.0      929.5
   3.055     182     6575.8      929.6
   3.072     183     6575.7      929.7
   3.089     184     6575.6      929.8
   3.106     185     6575.6      929.6
   3.122     186     6575.5      929.6
   3.139     187     6575.5      929.6
   3.156     188     6575.7      929.3
   3.173     189     6575.6      929.5
   3.190     190     6575.4      929.5
   3.207     191     6575.0      929.5
   3.224     192     6575.5      929.2
   3.241     193     6575.4      929.0
   3.257     194     6576.0      928.7
   3.276     195     6576.3      928.6
   3.292     196     6576.4      928.2
   3.309     197     6576.4      928.4
   3.326     198     6576.6      928.4
   3.343     199     6576.9      928.5
   3.360     200     6577.0      928.3
   3.377     201     6576.8      928.1
   3.393     202     6576.9      928.1
   3.410     203     6576.8      928.2
   3.427     204     6577.1      928.2
   3.444     205     6576.9      928.1
   3.462     206     6576.8      928.0
   3.479     207     6576.8      928.0
   3.495     208     6576.6      927.8
   3.511     209     6576.3      927.8
   3.528     210     6576.5      927.8
   3.544     211     6576.3      927.9
   3.561     212     6576.2      927.7
   3.578     213     6576.2      927.9
   3.595     214     6576.1      927.8
   3.612     215     6576.1      927.7
   3.629     216     6576.4      927.7
   3.647     217     6576.5      927.7
   3.663     218     6576.7      927.8
   3.679     219     6576.4      928.2
   3.696     220     6576.8      928.4
   3.713     221     6576.8      928.4
   3.730     222     6576.7      928.4
   3.747     223     6576.8      928.4
   3.764     224     6576.6      928.4
   3.781     225     6576.9      928.4
   3.798     226     6577.0      928.7
   3.815     227     6577.0      928.6
   3.831     228     6576.9      928.5
   3.848     229     6577.0      928.6
   3.865     230     6576.9      928.7
   3.882     231     6577.0      928.7
   3.899     232     6577.0      928.6
   3.916     233     6577.2      928.7
   3.933     234     6577.3      928.8
   3.950     235     6577.4      928.6
   3.966     236     6577.3      928.7
   3.983     237     6577.2      928.9
   4.000     238     6577.2      928.9
   4.016     239     6577.6      929.0
   4.033     240     6577.5      929.1
   4.050     241     6577.4      928.9
   4.067     242     6577.5      928.9
   4.084     243     6577.5      929.1
   4.101     244     6577.5      929.2
   4.117     245     6577.8      929.4
   4.134     246     6577.8      929.5
   4.151     247     6577.8      929.3
   4.168     248     6577.8      929.6
   4.185     249     6577.7      929.4
   4.202     250     6578.1      929.3
   4.219     251     6578.3      929.5
   4.236     252     6578.2      929.5
   4.254     253     6578.1      929.8
   4.272     254     6578.2      929.7
   4.288     255     6578.2      929.7
   4.305     256     6578.3      929.9
   4.322     257     6578.6      929.8
   4.339     258     6578.7      929.9
   4.356     259     6578.9      929.9
   4.372     260     6578.8      930.0
   4.389     261     6578.9      930.3
   4.406     262     6578.8      930.3
   4.423     263     6578.7      930.3
   4.440     264     6578.7      930.3
   4.457     265     6578.8      930.1
   4.475     266     6578.6      930.0
   4.492     267     6578.4      929.7
   4.508     268     6578.5      929.8
   4.525     269     6579.0      929.8
   4.542     270     6579.2      929.7
   4.559     271     6579.3      929.8
   4.576     272     6579.2      929.7
   4.593     273     6579.1      929.9
   4.610     274     6579.1      930.1
   4.627     275     6579.1      930.2
   4.643     276     6579.2      930.2
   4.660     277     6579.1      930.3
   4.677     278     6579.0      930.2
   4.694     279     6579.1      930.2
   4.711     280     6578.9      929.9
   4.729     281     6579.2      930.0
   4.748     282     6579.1      929.9
   4.765     283     6578.9      929.9
   4.782     284     6579.0      929.8
   4.798     285     6579.1      929.8
   4.815     286     6579.2      929.4
   4.831     287     6578.9      929.5
   4.848     288     6579.0      929.5
   4.865     289     6579.0      929.5
   4.882     290     6579.0      929.3
   4.899     291     6579.0      929.3
   4.916     292     6578.8      929.3
   4.932     293     6578.9      929.0
   4.949     294     6579.1      929.0
   4.966     295     6579.1      929.0
   4.983     296     6578.9      928.9
   5.000     297     6579.0      929.1
   5.017     298     6578.9      929.1
   5.033     299     6579.1      929.3
   5.051     300     6579.2      929.2
   5.068     301     6579.1      929.5
   5.084     302     6579.1      929.6
   5.101     303     6578.9      929.7
   5.118     304     6579.2      929.8
   5.134     305     6579.0      929.8
   5.151     306     6579.0      929.6
   5.168     307     6578.9      929.6
   5.185     308     6579.3      929.8
   5.202     309     6579.4      929.5
   5.220     310     6579.3      929.7
   5.237     311     6579.2      929.6
   5.253     312     6579.3      929.5
   5.271     313     6579.1      929.5
   5.287     314     6578.8      929.5
   5.304     315     6578.6      929.4
   5.321     316     6578.6      929.3
   5.338     317     6578.3      929.4
   5.354     318     6578.7      929.0
   5.371     319     6578.9      928.8
   5.388     320     6579.0      928.9
   5.405     321     6579.3      928.9
   5.422     322     6579.2      928.9
   5.439     323     6579.0      929.2
   5.456     324     6579.0      929.3
   5.473     325     6579.2      929.2
   5.489     326     6579.1      929.4
   5.506     327     6579.2      929.4
   5.523     328     6579.4      929.5
   5.540     329     6579.2      929.7
   5.558     330     6579.2      929.6
   5.575     331     6579.3      929.8
   5.592     332     6579.5      929.3
   5.608     333     6579.5      929.2
   5.626     334     6579.6      929.3
   5.641     335     6579.6      929.3
   5.658     336     6579.6      929.3
   5.677     337     6579.5      929.4
   5.693     338     6579.4      929.4
   5.710     339     6579.5      929.5
   5.727     340     6579.8      929.6
   5.744     341     6579.6      929.7
   5.762     342     6579.7      929.7
   5.777     343     6579.8      929.7
   5.794     344     6579.9      929.7
   5.812     345     6580.0      929.5
   5.828     346     6580.1      929.4
   5.845     347     6580.0      929.5
   5.862     348     6579.9      929.3
   5.879     349     6580.0      929.2
   5.895     350     6580.1      929.1
   5.912     351     6580.1      928.9
   5.929     352     6580.1      928.8
   5.946     353     6580.2      928.8
   5.963     354     6580.2      928.8
   5.980     355     6580.3      928.9
   5.997     356     6580.0      928.9
   6.014     357     6580.1      929.0
   6.031     358     6580.3      929.0
   6.047     359     6580.1      929.3
   6.065     360     6580.2      929.1
   6.081     361     6580.3      929.3
   6.098     362     6580.1      929.4
   6.115     363     6580.0      929.5
   6.132     364     6580.4      929.5
   6.149     365     6580.0      929.7
   6.166     366     6580.2      929.7
   6.182     367     6580.4      929.6
   6.199     368     6580.2      929.6
   6.216     369     6580.3      929.3
   6.233     370     6580.3      929.3
   6.250     371     6580.3      929.4
   6.267     372     6580.2      929.3
   6.284     373     6579.9      929.5
   6.301     374     6579.8      929.5
   6.318     375     6579.8      929.6
   6.334     376     6579.7      929.5
   6.350     377     6579.7      929.4
   6.367     378     6579.9      929.4
   6.384     379     6579.9      929.7
   6.401     380     6579.8      929.7
   6.418     381     6579.8      929.6
   6.435     382     6579.5      929.9
   6.452     383     6579.7      930.0
   6.469     384     6579.8      929.9
   6.485     385     6579.6      930.2
   6.502     386     6580.1      930.0
   6.520     387     6580.0      929.9
   6.536     388     6579.8      929.6
   6.555     389     6579.7      929.6
   6.571     390     6579.9      929.5
   6.588     391     6580.0      929.4
   6.604     392     6580.1      929.3
   6.621     393     6580.1      929.3
   6.638     394     6580.2      929.3
   6.655     395     6579.9      929.4
   6.671     396     6580.0      929.3
   6.688     397     6579.9      929.2
   6.705     398     6580.0      929.4
   6.722     399     6579.8      929.5
   6.739     400     6580.0      929.5
   6.755     401     6580.0      929.2
   6.772     402     6579.8      929.5
   6.789     403     6580.0      929.5
   6.806     404     6580.1      929.4
   6.823     405     6580.0      929.2
   6.840     406     6580.2      929.1
   6.857     407     6580.2      929.0
   6.874     408     6580.1      928.9
   6.890     409     6580.1      929.2
   6.907     410     6580.0      929.0
   6.924     411     6580.1      929.1
   6.941     412     6580.1      929.0
   6.958     413     6580.3      928.8
   6.975     414     6580.3      928.9
   6.992     415     6580.2      928.5
   7.009     416     6580.1      928.6
   7.026     417     6580.1      928.7
   7.042     418     6580.0      928.7
   7.059     419     6580.1      928.7
   7.076     420     6580.5      928.4
   7.093     421     6580.7      928.2
   7.110     422     6580.5      928.2
   7.127     423     6580.4      928.3
   7.144     424     6580.4      928.2
   7.161     425     6580.2      928.1
   7.177     426     6580.4      928.3
   7.195     427     6580.4      928.6
   7.211     428     6580.4      928.7
   7.228     429     6580.3      928.7
   7.245     430     6580.3      928.9
   7.262     431     6580.3      928.9
   7.279     432     6580.1      929.0
   7.297     433     6579.9      929.0
   7.313     434     6579.9      928.9
   7.330     435     6580.0      928.7
   7.347     436     6579.9      928.7
   7.364     437     6579.7      928.9
   7.381     438     6579.8      928.8
   7.398     439     6579.7      928.7
   7.415     440     6579.7      928.6
   7.431     441     6579.7      928.6
   7.448     442     6579.7      928.7
   7.464     443     6579.4      928.5
   7.481     444     6579.4      928.3
   7.498     445     6579.4      928.4
   7.515     446     6580.2      928.4
   7.532     447     6580.2      927.9
   7.549     448     6580.1      928.0
   7.566     449     6579.9      928.1
   7.583     450     6579.8      928.1
   7.599     451     6580.0      927.8
   7.616     452     6580.3      928.1
   7.633     453     6580.2      928.1
   7.650     454     6580.0      928.2
   7.667     455     6579.8      928.2
   7.684     456     6579.9      928.2
   7.701     457     6579.5      928.2
   7.718     458     6579.5      928.1
   7.735     459     6579.3      928.0
   7.751     460     6579.4      928.2
   7.767     461     6579.5      928.3
   7.785     462     6579.5      928.4
   7.801     463     6579.5      928.5
   7.818     464     6579.6      928.7
   7.836     465     6579.5      928.8
   7.853     466     6579.6      928.8
   7.870     467     6579.4      928.8
   7.886     468     6579.6      928.9
   7.903     469     6579.7      928.6
   7.920     470     6579.9      928.7
   7.939     471     6579.8      928.6
   7.955     472     6580.4      928.4
   7.972     473     6580.3      928.5
   7.989     474     6580.3      928.5
   8.005     475     6580.2      928.6
   8.022     476     6580.2      928.5
   8.039     477     6580.0      928.2
   8.056     478     6579.7      928.2
   8.074     479     6579.7      928.2
   8.094     480     6579.7      928.2
   8.111     481     6579.7      928.1
   8.127     482     6579.7      928.0
   8.144     483     6579.8      927.8
   8.161     484     6580.0      927.9
   8.178     485     6580.0      928.1
   8.195     486     6580.1      928.2
   8.212     487     6580.1      928.1
   8.229     488     6580.2      928.2
   8.246     489     6580.1      928.3
   8.262     490     6580.1      928.4
   8.279     491     6580.2      928.3
   8.296     492     6580.3      928.1
   8.315     493     6580.2      928.1
   8.331     494     6580.2      928.0
   8.348     495     6580.1      928.0
   8.365     496     6580.2      927.9
   8.381     497     6580.5      927.8
   8.397     498     6580.5      927.8
   8.415     499     6580.5      928.0
   8.431     500     6580.3      927.9