KF — UWB Realtime
  Q=0.01 mm²   R=300.0 mm²
  Anchors : ['0x1001', '0x1002', '0x1003', '0x1004']
  Height  : 1400.0 mm

Đang kết nối /dev/serial/by-id/usb-SEGGER_J-Link_000760192143-if00 @ 921600...
OK. Đang chờ dữ liệu... (Ctrl+C để dừng)

 Time(s)   Frame      X(mm)      Y(mm)
----------------------------------------
[KF] init  x=6568.4  y=985.2
   0.002       1     6601.2      936.9
   0.017       2     6582.0      945.6
   0.034       3     6572.9      925.3
   0.050       4     6561.2      922.4
   0.067       5     6561.3      920.3
   0.084       6     6561.8      917.3
   0.101       7     6563.8      914.0
   0.118       8     6567.9      920.0
   0.135       9     6566.0      918.3
   0.152      10     6566.6      916.6
   0.168      11     6564.4      918.0
   0.184      12     6562.0      916.6
   0.201      13     6561.1      917.4
   0.218      14     6560.4      917.1
   0.235      15     6559.9      916.9
   0.252      16     6561.4      916.2
   0.269      17     6562.0      917.5
   0.286      18     6562.8      917.4
   0.303      19     6564.0      917.0
   0.320      20     6563.2      917.7
   0.336      21     6562.0      917.4
   0.353      22     6562.2      916.2
   0.370      23     6560.2      914.5
   0.387      24     6560.1      914.5
   0.404      25     6560.9      915.3
   0.421      26     6561.2      914.8
   0.440      27     6561.7      914.4
   0.455      28     6560.8      916.1
   0.472      29     6560.9      917.5
   0.489      30     6561.2      916.9
   0.507      31     6560.3      918.2
   0.523      32     6562.0      917.8
   0.540      33     6562.1      918.6
   0.557      34     6562.1      918.5
   0.574      35     6562.0      918.3
   0.590      36     6561.9      918.6
   0.607      37     6561.6      919.8
   0.624      38     6562.2      919.1
   0.641      39     6562.4      919.2
   0.658      40     6562.3      920.0
   0.675      41     6562.7      920.1
   0.693      42     6562.8      920.1
   0.709      43     6562.5      921.1
   0.726      44     6562.4      921.0
   0.742      45     6562.8      921.1
   0.759      46     6564.0      921.8
   0.777      47     6563.8      921.9
   0.793      48     6563.4      921.6
   0.811      49     6564.4      922.3
   0.827      50     6564.5      921.6
   0.844      51     6564.5      922.5
   0.861      52     6564.8      922.1
   0.877      53     6565.6      922.1
   0.893      54     6565.4      921.6
   0.910      55     6564.4      921.4
   0.927      56     6564.7      922.4
   0.944      57     6565.2      922.6
   0.962      58     6565.1      922.8
   0.978      59     6564.3      923.0
   0.996      60     6564.0      923.7
   1.012      61     6564.3      924.3
   1.029      62     6564.8      924.9
   1.046      63     6564.9      924.8
   1.063      64     6564.5      925.1
   1.079      65     6564.8      925.6
   1.095      66     6565.0      925.3
   1.113      67     6565.0      925.0
   1.130      68     6565.7      924.8
   1.146      69     6565.4      924.6
   1.163      70     6564.9      924.8
   1.180      71     6564.1      924.8
   1.197      72     6563.2      924.5
   1.214      73     6562.7      924.8
   1.231      74     6562.6      924.8
   1.247      75     6563.0      924.8
   1.264      76     6563.2      924.9
   1.281      77     6563.4      925.0
   1.297      78     6563.3      924.9
   1.314      79     6563.0      924.8
   1.333      80     6562.4      925.1
   1.349      81     6562.7      925.8
   1.366      82     6562.1      925.4
   1.383      83     6562.6      925.6
   1.400      84     6562.8      925.2
   1.418      85     6562.8      925.0
   1.434      86     6562.9      924.9
   1.451      87     6563.1      925.3
   1.468      88     6563.1      925.3
   1.485      89     6564.0      925.1
   1.502      90     6563.9      925.1
   1.519      91     6564.0      925.3
   1.536      92     6564.1      925.3
   1.552      93     6564.4      925.9
   1.568      94     6564.5      926.0
   1.585      95     6564.7      926.1
   1.602      96     6564.4      926.0
   1.620      97     6564.6      926.0
   1.636      98     6565.0      926.0
   1.655      99     6565.8      926.3
   1.671     100     6565.7      926.5
   1.688     101     6565.7      926.5
   1.706     102     6565.9      927.3
   1.722     103     6565.9      928.0
   1.739     104     6566.1      927.6
   1.756     105     6566.5      927.8
   1.773     106     6566.5      927.6
   1.790     107     6566.3      927.0
   1.807     108     6566.8      927.8
   1.824     109     6567.2      927.3
   1.840     110     6566.9      927.2
   1.857     111     6567.1      927.1
   1.876     112     6567.1      927.1
   1.892     113     6567.3      927.2
   1.910     114     6567.3      926.9
   1.925     115     6567.1      927.0
   1.943     116     6567.0      927.0
   1.961     117     6566.7      926.8
   1.977     118     6566.9      926.6
   1.994     119     6567.0      926.8
   2.011     120     6567.3      926.6
   2.028     121     6567.2      926.6
   2.045     122     6567.1      926.8
   2.062     123     6567.0      926.8
   2.078     124     6567.2      927.0
   2.096     125     6567.1      926.7
   2.112     126     6567.6      926.5
   2.129     127     6567.8      926.2
   2.146     128     6568.0      926.3
   2.163     129     6568.2      926.8
   2.180     130     6567.9      926.7
   2.198     131     6568.0      926.6
   2.215     132     6567.7      926.4
   2.231     133     6567.8      926.2
   2.248     134     6567.7      926.1
   2.265     135     6567.4      926.1
   2.284     136     6567.3      926.2
   2.300     137     6567.3      926.3
   2.317     138     6567.1      926.3
   2.334     139     6567.0      926.4
   2.351     140     6567.1      926.1
   2.367     141     6567.1      926.1
   2.384     142     6567.2      926.0
   2.401     143     6567.2      925.7
   2.418     144     6567.0      925.2
   2.435     145     6567.4      925.4
   2.452     146     6567.1      925.6
   2.469     147     6566.9      925.6
   2.486     148     6567.3      925.5
   2.503     149     6567.3      925.4
   2.519     150     6567.5      925.3
   2.536     151     6567.9      925.4
   2.553     152     6567.7      925.3
   2.570     153     6567.8      925.0
   2.587     154     6567.9      925.2
   2.604     155     6567.8      925.4
   2.621     156     6567.7      925.2
   2.638     157     6567.9      925.2
   2.654     158     6568.0      925.5
   2.671     159     6568.2      925.6
   2.688     160     6568.2      925.7
   2.705     161     6568.3      926.1
   2.722     162     6568.3      926.2
   2.739     163     6568.2      926.1
   2.755     164     6568.1      926.0
   2.772     165     6568.3      926.1
   2.789     166     6568.3      926.0
   2.805     167     6568.3      925.9
   2.822     168     6568.5      925.7
   2.841     169     6568.9      925.9
   2.857     170     6569.4      925.9
   2.877     171     6569.8      925.6
   2.892     172     6569.6      925.5
   2.909     173     6569.5      925.4
   2.925     174     6569.8      925.6
   2.942     175     6570.0      925.6
   2.959     176     6569.9      925.7
   2.976     177     6570.0      925.9
   2.993     178     6570.4      925.9
   3.009     179     6570.4      925.7
   3.026     180     6570.6      925.7
   3.043     181     6571.0      925.7
   3.061     182     6571.1      925.7
   3.079     183     6571.3      925.7
   3.095     184     6571.5      926.2
   3.112     185     6571.2      926.3
   3.129     186     6571.1      926.5
   3.146     187     6571.2      926.4
   3.164     188     6571.4      926.1
   3.182     189     6571.8      925.7
   3.200     190     6571.9      925.8
   3.218     191     6572.0      926.1
   3.234     192     6572.1      925.8
   3.252     193     6572.0      925.4
   3.269     194     6572.0      925.5
   3.285     195     6571.9      925.5
   3.303     196     6571.9      925.4
   3.321     197     6572.0      925.1
   3.340     198     6572.1      925.3
   3.358     199     6572.4      925.4
   3.376     200     6572.7      925.7
   3.394     201     6573.0      925.2
   3.412     202     6573.0      925.1
   3.428     203     6573.4      925.2
   3.446     204     6573.6      925.3
   3.464     205     6573.8      925.4
   3.481     206     6574.1      925.8
   3.499     207     6574.3      926.1
   3.517     208     6574.5      926.5
   3.533     209     6574.8      926.9
   3.550     210     6574.8      927.0
   3.569     211     6574.8      926.7
   3.585     212     6574.8      926.7
   3.602     213     6574.6      926.5
   3.619     214     6574.5      926.3
   3.635     215     6574.5      926.6
   3.651     216     6574.5      926.7
   3.668     217     6574.7      926.6
   3.684     218     6574.6      926.6
   3.701     219     6574.7      926.6
   3.718     220     6574.9      926.8
   3.735     221     6574.6      926.9
   3.752     222     6574.3      927.0
   3.769     223     6574.0      927.0
   3.787     224     6573.9      926.9
   3.803     225     6573.6      926.5
   3.820     226     6573.7      926.5
   3.839     227     6573.8      926.2
   3.856     228     6573.9      926.3
   3.873     229     6573.9      926.8
   3.890     230     6574.0      927.2
   3.906     231     6574.3      927.3
   3.923     232     6574.1      927.2
   3.940     233     6574.1      927.1
   3.957     234     6574.4      927.1
   3.974     235     6574.2      927.0
   3.991     236     6574.1      927.0
   4.008     237     6574.3      927.0
   4.025     238     6574.2      926.7
   4.041     239     6574.1      926.9
   4.058     240     6574.1      926.8
   4.075     241     6574.1      926.8
   4.092     242     6573.9      926.6
   4.109     243     6573.6      926.3
   4.126     244     6573.5      926.3
   4.143     245     6573.2      926.3
   4.160     246     6573.1      926.0
   4.176     247     6573.2      926.1
   4.193     248     6573.0      925.9
   4.209     249     6572.9      925.9
   4.226     250     6572.8      926.2
   4.243     251     6572.6      926.2
   4.260     252     6572.4      925.9
   4.278     253     6572.1      925.8
   4.295     254     6571.9      925.6
   4.312     255     6571.9      926.1
   4.328     256     6571.8      925.8
   4.345     257     6572.2      925.8
   4.362     258     6571.8      925.8
   4.379     259     6571.6      925.8
   4.396     260     6571.4      926.1
   4.413     261     6571.1      926.0
   4.430     262     6571.2      926.0
   4.447     263     6571.2      925.7
   4.463     264     6571.4      925.5
   4.480     265     6571.5      925.5
   4.497     266     6571.4      925.7
   4.514     267     6571.5      925.4
   4.531     268     6571.6      925.0
   4.548     269     6571.6      925.3
   4.565     270     6571.4      925.2
   4.582     271     6571.1      925.3
   4.598     272     6571.4      925.2
   4.615     273     6571.4      924.7
   4.632     274     6571.3      924.6
   4.674     275     6571.3      925.0
   4.677     276     6571.5      925.0
   4.683     277     6571.5      925.1
   4.700     278     6571.9      925.3
   4.717     279     6571.9      925.4
   4.737     280     6571.9      925.6
   4.753     281     6571.8      925.5
   4.770     282     6571.7      925.6
   4.787     283     6572.0      925.4
   4.804     284     6572.0      925.5
   4.821     285     6572.0      925.7
   4.837     286     6572.0      925.5
   4.854     287     6571.9      925.6
   4.871     288     6571.7      925.6
   4.887     289     6571.6      925.6
   4.904     290     6571.6      925.3
   4.921     291     6571.7      925.4
   4.938     292     6571.4      925.6
   4.954     293     6571.4      925.4
   4.971     294     6571.6      925.5
   4.988     295     6571.7      925.3
   5.004     296     6571.9      925.0
   5.022     297     6572.1      925.2
   5.039     298     6572.3      925.5
   5.056     299     6572.5      925.8
   5.073     300     6572.7      926.0
   5.090     301     6572.7      926.0
   5.107     302     6572.6      926.1
   5.123     303     6572.5      926.1
   5.140     304     6572.3      926.2
   5.157     305     6572.3      925.8
   5.174     306     6572.5      926.1
   5.190     307     6572.5      926.0
   5.207     308     6572.5      925.7
   5.224     309     6572.5      925.5
   5.241     310     6572.8      925.5
   5.259     311     6572.7      925.4
   5.275     312     6572.6      925.4
   5.292     313     6572.4      925.5
   5.309     314     6572.7      925.9
   5.326     315     6572.8      925.9
   5.342     316     6572.7      926.0
   5.359     317     6572.6      926.1
   5.376     318     6572.8      925.6
   5.393     319     6572.8      925.5
   5.410     320     6572.7      925.5
   5.427     321     6572.6      925.4
   5.444     322     6572.4      925.8
   5.460     323     6572.3      926.0
   5.477     324     6572.2      926.2
   5.493     325     6572.2      926.1
   5.510     326     6572.3      926.4
   5.527     327     6572.0      925.9
   5.544     328     6572.0      926.1
   5.561     329     6572.3      926.2
   5.578     330     6572.3      926.2
   5.595     331     6572.2      926.3
   5.611     332     6572.6      926.3
   5.628     333     6572.8      926.2
   5.645     334     6573.0      926.1
   5.662     335     6573.2      926.3
   5.681     336     6573.1      926.1
   5.698     337     6573.1      926.4
   5.715     338     6573.1      926.6
   5.731     339     6573.3      926.2
   5.748     340     6573.5      926.7
   5.765     341     6573.5      926.3
   5.782     342     6573.5      926.3
   5.801     343     6573.5      926.5
   5.817     344     6573.4      926.7
   5.834     345     6573.4      926.6
   5.851     346     6573.1      926.6
   5.868     347     6573.2      926.9
   5.884     348     6573.0      926.8
   5.901     349     6572.7      926.9
   5.917     350     6572.6      926.7
   5.934     351     6572.5      926.8
   5.950     352     6572.3      926.5
   5.967     353     6572.2      926.4
   5.984     354     6572.6      926.1
   6.001     355     6572.9      926.5
   6.018     356     6573.0      926.3
   6.034     357     6572.8      926.0
   6.051     358     6572.9      925.7
   6.068     359     6573.1      925.8
   6.088     360     6573.1      925.8
   6.105     361     6573.0      925.9
   6.122     362     6573.1      925.9
   6.138     363     6573.3      926.2
   6.155     364     6573.6      926.5
   6.172     365     6573.3      926.4
   6.189     366     6573.4      926.3
   6.205     367     6573.3      926.4
   6.224     368     6573.1      926.3
   6.240     369     6573.0      926.3
   6.257     370     6572.8      926.3
   6.274     371     6572.8      926.3
   6.290     372     6572.6      926.3
   6.307     373     6572.6      926.2
   6.324     374     6572.4      926.2
   6.341     375     6572.3      926.2
   6.358     376     6572.4      926.4
   6.375     377     6572.4      925.9
   6.392     378     6572.5      925.9
   6.409     379     6572.7      925.7
   6.425     380     6572.7      925.8
   6.442     381     6572.6      925.9
   6.459     382     6572.6      925.8
   6.476     383     6572.3      925.7
   6.495     384     6572.1      925.6
   6.512     385     6572.1      925.7
   6.529     386     6572.5      926.3
   6.547     387     6572.7      926.3
   6.563     388     6572.6      926.4
   6.580     389     6572.8      926.7
   6.597     390     6572.8      926.8
   6.614     391     6572.7      926.8
   6.632     392     6572.5      926.7
   6.649     393     6572.5      926.5
   6.666     394     6572.5      926.2
   6.682     395     6572.7      926.4
   6.699     396     6573.1      926.7
   6.718     397     6573.1      926.8
   6.734     398     6573.1      926.6
   6.750     399     6573.2      926.8
   6.767     400     6573.5      926.7
   6.784     401     6573.5      927.1
   6.801     402     6573.5      927.0
   6.817     403     6573.4      927.1
   6.834     404     6573.5      927.0
   6.851     405     6573.3      927.2
   6.868     406     6573.5      927.1
   6.885     407     6573.5      927.3
   6.902     408     6573.4      927.1
   6.919     409     6573.7      927.1
   6.936     410     6573.3      927.2
   6.952     411     6573.1      927.2
   6.969     412     6573.0      927.1
   6.986     413     6572.7      927.0
   7.003     414     6573.1      926.9
   7.022     415     6573.5      926.7
   7.038     416     6573.5      926.7
   7.055     417     6573.4      926.6
   7.072     418     6573.4      926.8
   7.088     419     6573.5      927.2
   7.105     420     6573.4      927.2
   7.122     421     6573.2      927.4
   7.138     422     6572.9      927.4
   7.157     423     6573.1      927.6
   7.173     424     6573.2      927.9
   7.190     425     6573.1      927.6
   7.207     426     6573.1      928.2
   7.224     427     6573.5      928.0
   7.240     428     6573.6      928.0
   7.257     429     6573.7      928.0
   7.274     430     6573.5      927.7
   7.293     431     6573.5      927.6
   7.310     432     6573.6      927.8
   7.328     433     6573.7      927.9
   7.345     434     6573.6      927.9
   7.361     435     6573.7      928.3
   7.378     436     6573.7      928.5
   7.397     437     6573.7      928.5
   7.413     438     6573.4      928.5
   7.430     439     6573.5      928.4
   7.447     440     6573.5      928.6
   7.464     441     6573.4      928.5
   7.480     442     6573.6      928.7
   7.497     443     6573.4      928.7
   7.513     444     6573.6      928.8
   7.530     445     6573.6      929.0
   7.547     446     6573.6      928.9
   7.565     447     6573.4      929.0
   7.582     448     6573.4      928.7
   7.599     449     6573.8      928.7
   7.617     450     6573.4      928.5
   7.632     451     6573.2      928.4
   7.648     452     6573.2      928.4
   7.665     453     6573.6      928.5
   7.682     454     6573.6      928.5
   7.699     455     6573.5      928.8
   7.716     456     6573.3      928.7
   7.733     457     6573.2      929.1
   7.750     458     6572.8      929.7
   7.765     459     6572.9      930.3
   7.782     460     6572.8      930.6
   7.799     461     6572.9      931.0
   7.816     462     6573.1      930.9
   7.835     463     6573.3      930.9
   7.851     464     6573.1      930.8
   7.869     465     6573.3      931.1
   7.886     466     6573.7      931.0
   7.902     467     6573.7      931.3
   7.919     468     6573.7      931.1
   7.936     469     6573.8      930.9
   7.953     470     6573.7      930.6
   7.970     471     6574.0      930.7
   7.985     472     6574.3      930.9
   8.002     473     6574.3      931.1
   8.019     474     6574.3      931.2
   8.036     475     6574.7      930.8
   8.052     476     6574.7      930.9
   8.069     477     6574.7      930.8
   8.086     478     6574.7      931.0
   8.103     479     6574.6      930.7
   8.119     480     6574.6      931.2
   8.136     481     6574.6      931.3
   8.153     482     6574.6      931.3
   8.171     483     6574.5      931.2
   8.188     484     6574.4      931.3
   8.204     485     6574.2      931.1
   8.221     486     6574.4      931.4
   8.238     487     6574.5      931.3
   8.255     488     6574.8      931.0
   8.274     489     6575.3      931.0
   8.289     490     6575.2      931.0
   8.307     491     6575.0      931.0
   8.323     492     6575.3      930.9
   8.339     493     6575.4      930.9
   8.356     494     6575.2      930.7
   8.375     495     6575.1      930.5
   8.391     496     6574.8      930.8
   8.410     497     6574.5      931.0
   8.426     498     6574.7      931.1
   8.443     499     6574.6      930.9
   8.460     500     6575.1      930.7