PC-EKF V3 — UWB Realtime
  Q=0.01  R_base=300.0  R_scale=10.0
  Anchors: ['0x1001', '0x1002', '0x1003', '0x1004']
  Height : 1400.0 mm

Đang kết nối /dev/serial/by-id/usb-SEGGER_J-Link_000760192143-if00 @ 921600...
OK. Đang chờ dữ liệu... (Ctrl+C để dừng)

 Time(s)   Frame      X(mm)      Y(mm)      S0      S1      S2      S3
--------------------------------------------------------------------
[EKF] init  x=6327.1  y=4183.0
   0.033       1     6167.4     4144.8   0.410   0.508   0.000   0.359
   0.037       2     6186.3     4162.2   0.447   0.497   0.001   0.312
   0.041       3     6194.1     4162.0   0.464   0.469   0.001   0.266
   0.049       4     6197.2     4166.7   0.475   0.463   0.001   0.273
   0.066       5     6194.6     4165.1   0.439   0.502   0.005   0.327
   0.083       6     6195.6     4164.8   0.463   0.475   0.003   0.275
   0.101       7     6192.5     4166.0   0.447   0.497   0.003   0.313
   0.118       8     6196.7     4168.9   0.459   0.486   0.005   0.291
   0.134       9     6199.1     4166.9   0.477   0.464   0.007   0.279
   0.152      10     6198.0     4168.7   0.454   0.492   0.004   0.301
   0.168      11     6195.0     4168.4   0.458   0.488   0.004   0.294
   0.185      12     6195.1     4166.7   0.444   0.504   0.019   0.331
   0.202      13     6194.8     4167.2   0.456   0.491   0.007   0.300
   0.219      14     6194.6     4167.3   0.495   0.450   0.003   0.308
   0.236      15     6196.8     4162.4   0.493   0.461   0.029   0.311
   0.253      16     6197.2     4162.1   0.444   0.503   0.018   0.330
   0.270      17     6197.7     4162.6   0.446   0.501   0.013   0.324
   0.287      18     6197.6     4160.5   0.458   0.495   0.023   0.312
   0.303      19     6199.7     4161.2   0.455   0.496   0.017   0.312
   0.320      20     6199.7     4159.3   0.480   0.464   0.014   0.286
   0.337      21     6200.1     4159.7   0.459   0.490   0.011   0.298
   0.354      22     6201.8     4158.9   0.467   0.467   0.017   0.273
   0.371      23     6202.3     4159.5   0.486   0.460   0.006   0.290
   0.388      24     6201.0     4159.5   0.460   0.486   0.007   0.291
   0.405      25     6201.6     4160.2   0.453   0.496   0.013   0.311
   0.421      26     6202.3     4159.7   0.456   0.498   0.025   0.318
   0.438      27     6202.3     4159.7   0.455   0.495   0.015   0.310
   0.456      28     6201.6     4158.8   0.440   0.508   0.029   0.346
   0.472      29     6202.1     4158.6   0.466   0.473   0.013   0.277
   0.489      30     6200.5     4158.6   0.447   0.499   0.009   0.318
   0.506      31     6201.6     4157.5   0.454   0.508   0.059   0.352
   0.523      32     6201.6     4157.4   0.466   0.467   0.009   0.268
   0.539      33     6202.2     4156.0   0.469   0.469   0.031   0.283
   0.556      34     6203.0     4155.8   0.472   0.466   0.016   0.276
   0.573      35     6203.5     4154.8   0.489   0.461   0.020   0.302
   0.590      36     6202.6     4154.5   0.459   0.490   0.012   0.299
   0.607      37     6203.1     4154.6   0.466   0.468   0.012   0.271
   0.625      38     6203.6     4153.9   0.467   0.475   0.023   0.285
   0.642      39     6203.8     4154.1   0.455   0.496   0.018   0.313
   0.660      40     6205.0     4153.9   0.471   0.467   0.022   0.279
   0.678      41     6205.3     4154.6   0.457   0.491   0.010   0.301
   0.694      42     6204.9     4154.3   0.459   0.492   0.018   0.306
   0.711      43     6205.1     4154.0   0.450   0.504   0.031   0.333
   0.728      44     6204.7     4154.8   0.458   0.488   0.006   0.294
   0.746      45     6204.3     4154.1   0.466   0.477   0.018   0.284
   0.763      46     6204.6     4154.4   0.441   0.507   0.027   0.342
   0.780      47     6204.6     4154.1   0.460   0.492   0.021   0.306
   0.796      48     6204.8     4154.3   0.436   0.509   0.028   0.350
   0.813      49     6205.1     4154.8   0.465   0.468   0.008   0.269
   0.830      50     6205.7     4155.2   0.482   0.462   0.008   0.286
   0.846      51     6206.5     4155.2   0.471   0.467   0.020   0.278
   0.863      52     6206.8     4154.9   0.454   0.501   0.035   0.329
   0.880      53     6206.9     4155.0   0.471   0.466   0.010   0.273
   0.897      54     6206.8     4154.0   0.466   0.490   0.043   0.313
   0.915      55     6206.8     4153.1   0.464   0.495   0.047   0.322
   0.931      56     6205.9     4152.9   0.443   0.503   0.015   0.329
   0.948      57     6205.7     4153.1   0.446   0.502   0.016   0.326
   0.965      58     6206.0     4152.3   0.483   0.467   0.033   0.299
   0.982      59     6206.0     4152.6   0.422   0.513   0.026   0.366
   0.999      60     6206.0     4152.6   0.502   0.440   0.007   0.327
   1.016      61     6205.7     4153.1   0.469   0.464   0.003   0.268
   1.033      62     6205.7     4153.6   0.462   0.482   0.007   0.285
   1.049      63     6205.7     4153.7   0.423   0.517   0.043   0.378
   1.066      64     6205.5     4153.0   0.456   0.504   0.047   0.338
   1.082      65     6205.9     4153.0   0.482   0.464   0.014   0.288
   1.098      66     6206.3     4153.2   0.438   0.510   0.033   0.352
   1.115      67     6206.5     4153.1   0.467   0.470   0.017   0.276
   1.133      68     6206.2     4154.1   0.428   0.505   0.004   0.340
   1.150      69     6206.2     4154.7   0.432   0.507   0.013   0.342
   1.166      70     6206.1     4154.5   0.451   0.504   0.036   0.336
   1.183      71     6206.0     4154.3   0.461   0.488   0.019   0.300
   1.200      72     6205.6     4154.6   0.470   0.464   0.004   0.269
   1.216      73     6204.9     4155.0   0.386   0.513   0.012   0.393
   1.232      74     6205.2     4154.4   0.470   0.486   0.052   0.312
   1.250      75     6205.3     4154.4   0.466   0.469   0.013   0.272
   1.266      76     6205.4     4154.4   0.419   0.520   0.051   0.389
   1.284      77     6205.3     4154.5   0.433   0.510   0.026   0.353
   1.300      78     6206.0     4154.5   0.458   0.500   0.043   0.330
   1.318      79     6205.8     4154.5   0.461   0.488   0.015   0.297
   1.335      80     6205.4     4154.4   0.419   0.515   0.030   0.373
   1.352      81     6205.4     4154.5   0.478   0.464   0.007   0.280
   1.367      82     6204.6     4154.4   0.443   0.502   0.012   0.326
   1.384      83     6205.1     4154.3   0.435   0.522   0.079   0.393
   1.401      84     6204.9     4154.2   0.484   0.462   0.010   0.289
   1.418      85     6204.6     4154.3   0.425   0.511   0.021   0.358
   1.438      86     6204.3     4154.4   0.425   0.511   0.021   0.358
   1.455      87     6204.0     4154.4   0.423   0.515   0.034   0.371
   1.472      88     6203.6     4154.3   0.444   0.502   0.015   0.328
   1.488      89     6203.3     4154.9   0.406   0.511   0.009   0.370
   1.505      90     6203.6     4154.7   0.492   0.458   0.017   0.305
   1.522      91     6203.6     4155.0   0.446   0.502   0.018   0.327
   1.539      92     6203.7     4154.6   0.468   0.479   0.031   0.292
   1.556      93     6203.8     4154.4   0.467   0.478   0.028   0.290
   1.574      94     6203.9     4154.2   0.463   0.490   0.030   0.307
   1.591      95     6203.3     4154.4   0.485   0.459   0.002   0.289
   1.608      96     6203.8     4154.1   0.484   0.467   0.034   0.301
   1.627      97     6204.6     4153.4   0.475   0.500   0.112   0.363
   1.642      98     6204.5     4153.4   0.443   0.507   0.028   0.341
   1.659      99     6204.1     4153.7   0.411   0.511   0.010   0.366
   1.676     100     6204.2     4153.7   0.466   0.469   0.014   0.273
   1.693     101     6204.1     4153.9   0.456   0.494   0.014   0.308
   1.711     102     6204.5     4153.6   0.469   0.479   0.038   0.297
   1.728     103     6204.8     4153.3   0.470   0.473   0.037   0.290
   1.744     104     6204.7     4153.3   0.466   0.469   0.010   0.271
   1.760     105     6204.6     4153.4   0.465   0.477   0.011   0.281
   1.777     106     6204.7     4153.6   0.465   0.469   0.009   0.270
   1.794     107     6204.6     4153.3   0.466   0.484   0.028   0.298
   1.811     108     6204.6     4153.3   0.445   0.505   0.028   0.337
   1.828     109     6204.6     4153.7   0.447   0.498   0.007   0.316
   1.845     110     6204.5     4153.5   0.463   0.489   0.028   0.304
   1.862     111     6204.6     4153.8   0.464   0.475   0.007   0.277
   1.879     112     6204.4     4153.8   0.456   0.494   0.016   0.308
   1.896     113     6204.6     4153.9   0.463   0.486   0.019   0.296
   1.912     114     6204.5     4154.2   0.465   0.469   0.004   0.268
   1.929     115     6204.2     4154.3   0.453   0.495   0.010   0.309
   1.945     116     6204.0     4154.3   0.457   0.493   0.016   0.306
   1.961     117     6204.0     4154.2   0.484   0.462   0.010   0.289
   1.978     118     6203.7     4154.4   0.471   0.464   0.004   0.270
   1.995     119     6203.6     4154.3   0.466   0.477   0.016   0.283
   2.012     120     6203.8     4154.6   0.451   0.499   0.015   0.318
   2.029     121     6203.9     4154.5   0.450   0.506   0.042   0.342
   2.045     122     6203.9     4154.4   0.462   0.489   0.021   0.301
   2.062     123     6203.9     4154.8   0.465   0.468   0.005   0.267
   2.079     124     6204.2     4154.6   0.467   0.484   0.036   0.301
   2.096     125     6203.9     4154.6   0.450   0.499   0.013   0.317
   2.113     126     6203.9     4155.0   0.464   0.475   0.005   0.275
   2.130     127     6204.0     4155.0   0.466   0.475   0.017   0.281
   2.148     128     6203.7     4155.1   0.430   0.508   0.014   0.346
   2.165     129     6203.6     4155.2   0.452   0.497   0.014   0.314
   2.182     130     6203.6     4155.3   0.455   0.496   0.018   0.313
   2.198     131     6203.4     4155.0   0.449   0.506   0.036   0.339
   2.215     132     6203.6     4154.8   0.485   0.466   0.032   0.300
   2.232     133     6203.4     4155.3   0.456   0.489   0.003   0.296
   2.249     134     6203.3     4155.3   0.461   0.488   0.016   0.297
   2.265     135     6203.1     4155.0   0.449   0.506   0.038   0.340
   2.282     136     6203.2     4155.0   0.462   0.487   0.017   0.297
   2.299     137     6203.0     4155.0   0.464   0.482   0.014   0.289
   2.316     138     6202.8     4154.7   0.425   0.522   0.065   0.392
   2.333     139     6202.8     4154.7   0.509   0.413   0.007   0.360
   2.349     140     6202.9     4154.5   0.461   0.495   0.035   0.317
   2.366     141     6202.9     4154.6   0.465   0.475   0.009   0.277
   2.383     142     6202.8     4154.5   0.408   0.525   0.064   0.410
   2.400     143     6203.0     4154.4   0.480   0.468   0.030   0.293
   2.417     144     6203.0     4154.6   0.439   0.505   0.016   0.336
   2.434     145     6203.1     4154.4   0.478   0.467   0.026   0.289
   2.451     146     6203.1     4154.3   0.466   0.469   0.015   0.274
   2.468     147     6203.3     4154.7   0.422   0.512   0.021   0.362
   2.484     148     6203.1     4154.9   0.465   0.468   0.004   0.266
   2.501     149     6203.5     4155.0   0.466   0.477   0.019   0.284
   2.518     150     6203.2     4155.1   0.455   0.493   0.008   0.303
   2.535     151     6203.1     4155.1   0.471   0.465   0.010   0.273
   2.552     152     6203.2     4155.3   0.460   0.487   0.011   0.294
   2.569     153     6203.4     4155.2   0.446   0.510   0.046   0.351
   2.586     154     6203.2     4155.0   0.468   0.471   0.023   0.279
   2.603     155     6203.2     4154.9   0.443   0.510   0.041   0.351
   2.619     156     6203.2     4154.9   0.458   0.494   0.021   0.309
   2.636     157     6203.0     4154.7   0.454   0.500   0.027   0.324
   2.653     158     6202.9     4154.8   0.458   0.491   0.013   0.301
   2.673     159     6202.8     4154.8   0.459   0.492   0.020   0.306
   2.690     160     6202.8     4154.8   0.443   0.505   0.023   0.336
   2.707     161     6202.8     4155.0   0.470   0.465   0.005   0.269
   2.724     162     6202.6     4155.0   0.458   0.491   0.013   0.302
   2.741     163     6202.7     4155.0   0.478   0.465   0.013   0.282
   2.757     164     6202.8     4154.8   0.467   0.482   0.034   0.298
   2.774     165     6202.8     4154.9   0.448   0.503   0.025   0.331
   2.791     166     6202.7     4154.5   0.480   0.467   0.028   0.293
   2.808     167     6202.7     4154.8   0.460   0.487   0.008   0.293
   2.825     168     6202.7     4154.9   0.462   0.483   0.010   0.288
   2.842     169     6202.7     4154.8   0.454   0.506   0.048   0.342
   2.859     170     6202.8     4154.5   0.483   0.466   0.029   0.297
   2.876     171     6202.8     4154.4   0.443   0.510   0.041   0.352
   2.892     172     6203.1     4154.3   0.478   0.468   0.031   0.292
   2.910     173     6203.0     4154.2   0.455   0.499   0.029   0.322
   2.928     174     6203.3     4154.2   0.471   0.467   0.018   0.277
   2.944     175     6203.3     4154.0   0.478   0.467   0.025   0.289
   2.961     176     6203.5     4153.7   0.495   0.462   0.037   0.317
   2.978     177     6203.6     4153.8   0.447   0.506   0.031   0.338
   2.995     178     6203.3     4153.6   0.497   0.449   0.007   0.313
   3.012     179     6203.3     4153.4   0.469   0.486   0.050   0.312
   3.028     180     6203.2     4153.4   0.462   0.483   0.010   0.288
   3.045     181     6203.2     4153.5   0.449   0.502   0.021   0.326
   3.062     182     6203.1     4153.5   0.448   0.502   0.020   0.326
   3.079     183     6203.1     4153.3   0.465   0.485   0.027   0.298
   3.096     184     6202.8     4153.6   0.413   0.509   0.005   0.360
   3.113     185     6202.8     4153.7   0.458   0.493   0.019   0.307
   3.130     186     6203.0     4153.8   0.466   0.470   0.011   0.272
   3.147     187     6203.0     4153.9   0.431   0.511   0.027   0.356
   3.163     188     6203.0     4153.9   0.458   0.496   0.026   0.315
   3.180     189     6203.2     4153.6   0.472   0.482   0.062   0.313
   3.197     190     6203.3     4153.4   0.483   0.466   0.029   0.297
   3.214     191     6203.2     4153.2   0.477   0.466   0.021   0.286
   3.231     192     6203.0     4153.3   0.427   0.509   0.016   0.351
   3.248     193     6203.1     4153.4   0.460   0.487   0.011   0.294
   3.265     194     6203.0     4153.5   0.450   0.498   0.012   0.316
   3.282     195     6203.1     4153.4   0.497   0.454   0.016   0.314
   3.299     196     6203.1     4153.7   0.462   0.483   0.007   0.286
   3.315     197     6203.0     4153.8   0.458   0.488   0.007   0.295
   3.332     198     6203.2     4153.9   0.408   0.528   0.075   0.419
   3.349     199     6203.0     4153.9   0.454   0.494   0.011   0.308
   3.366     200     6202.8     4153.9   0.446   0.502   0.015   0.326
   3.385     201     6202.7     4153.9   0.447   0.503   0.020   0.329
   3.401     202     6202.6     4153.8   0.495   0.455   0.013   0.308
   3.418     203     6202.5     4153.5   0.490   0.462   0.024   0.304
   3.435     204     6202.4     4153.4   0.449   0.503   0.028   0.332
   3.452     205     6202.5     4153.6   0.462   0.482   0.009   0.286
   3.468     206     6202.5     4153.5   0.483   0.464   0.018   0.291
   3.485     207     6202.6     4153.2   0.470   0.486   0.056   0.315
   3.502     208     6202.9     4152.9   0.498   0.464   0.056   0.331
   3.519     209     6203.1     4152.9   0.465   0.486   0.030   0.301
   3.536     210     6203.1     4152.6   0.472   0.482   0.062   0.314
   3.553     211     6203.0     4152.8   0.435   0.505   0.009   0.336
   3.569     212     6203.1     4152.8   0.463   0.488   0.023   0.301
   3.585     213     6202.9     4152.6   0.462   0.495   0.037   0.318
   3.602     214     6203.0     4152.6   0.460   0.491   0.020   0.305
   3.619     215     6202.9     4152.7   0.456   0.494   0.013   0.307
   3.636     216     6203.1     4152.5   0.470   0.473   0.042   0.293
   3.653     217     6203.1     4152.3   0.503   0.447   0.022   0.329
   3.670     218     6203.2     4152.3   0.464   0.487   0.023   0.299
   3.687     219     6203.4     4152.2   0.489   0.464   0.029   0.305
   3.704     220     6203.5     4151.9   0.463   0.508   0.086   0.361
   3.721     221     6203.5     4151.8   0.452   0.502   0.032   0.331
   3.737     222     6203.4     4151.7   0.467   0.477   0.023   0.286
   3.754     223     6203.3     4151.6   0.453   0.501   0.027   0.325
   3.771     224     6203.2     4151.6   0.452   0.498   0.018   0.317
   3.788     225     6202.9     4151.7   0.453   0.494   0.007   0.307
   3.805     226     6203.0     4151.7   0.482   0.463   0.010   0.287
   3.822     227     6203.1     4151.6   0.482   0.465   0.022   0.292
   3.839     228     6203.0     4151.5   0.466   0.478   0.020   0.286
   3.856     229     6203.2     4151.4   0.468   0.484   0.042   0.305
   3.873     230     6203.2     4151.4   0.457   0.498   0.031   0.321
   3.889     231     6203.3     4151.4   0.458   0.493   0.020   0.308
   3.905     232     6203.5     4151.2   0.466   0.510   0.103   0.371
   3.922     233     6203.7     4151.3   0.451   0.504   0.035   0.335
   3.941     234     6203.9     4151.2   0.435   0.523   0.080   0.394
   3.957     235     6204.0     4151.2   0.465   0.483   0.023   0.294
   3.974     236     6203.8     4151.3   0.430   0.507   0.011   0.344
   3.991     237     6203.8     4151.3   0.443   0.506   0.026   0.338
   4.008     238     6203.7     4151.2   0.463   0.488   0.024   0.302
   4.024     239     6203.6     4151.3   0.458   0.490   0.010   0.300
   4.041     240     6203.6     4151.4   0.444   0.506   0.026   0.338
   4.058     241     6203.8     4151.4   0.440   0.511   0.040   0.354
   4.075     242     6203.7     4151.4   0.458   0.491   0.013   0.302
   4.092     243     6203.9     4151.3   0.497   0.460   0.037   0.321
   4.109     244     6203.8     4151.3   0.460   0.488   0.015   0.298
   4.126     245     6203.7     4151.5   0.452   0.494   0.006   0.307
   4.143     246     6203.6     4151.5   0.461   0.485   0.009   0.290
   4.159     247     6203.6     4151.5   0.462   0.484   0.011   0.290
   4.176     248     6203.7     4151.6   0.457   0.497   0.028   0.318
   4.193     249     6203.7     4151.5   0.445   0.510   0.045   0.353
   4.210     250     6203.7     4151.8   0.460   0.484   0.005   0.287
   4.227     251     6203.7     4151.8   0.459   0.490   0.013   0.299
   4.244     252     6203.7     4152.1   0.463   0.476   0.004   0.276
   4.261     253     6203.6     4151.9   0.467   0.478   0.026   0.289
   4.278     254     6203.6     4151.9   0.465   0.484   0.025   0.295
   4.295     255     6203.7     4151.6   0.512   0.430   0.030   0.358
   4.311     256     6203.6     4151.6   0.477   0.464   0.008   0.279
   4.328     257     6203.6     4151.7   0.453   0.497   0.015   0.313
   4.345     258     6203.6     4151.6   0.465   0.484   0.026   0.297
   4.362     259     6203.6     4151.8   0.455   0.491   0.005   0.299
   4.379     260     6203.4     4151.9   0.451   0.495   0.006   0.308
   4.396     261     6203.3     4151.9   0.458   0.494   0.023   0.311
   4.413     262     6203.3     4152.1   0.469   0.464   0.002   0.267
   4.430     263     6203.0     4152.4   0.456   0.489   0.001   0.295
   4.447     264     6203.1     4152.5   0.459   0.488   0.009   0.296
   4.463     265     6203.0     4152.5   0.465   0.484   0.022   0.295
   4.480     266     6203.2     4152.5   0.467   0.484   0.031   0.298
   4.497     267     6203.0     4152.7   0.464   0.470   0.001   0.268
   4.514     268     6203.3     4152.8   0.481   0.464   0.014   0.288
   4.531     269     6203.2     4153.0   0.454   0.492   0.004   0.300
   4.548     270     6203.4     4153.3   0.439   0.507   0.021   0.340
   4.565     271     6203.3     4153.2   0.444   0.505   0.022   0.335
   4.582     272     6203.4     4153.2   0.461   0.493   0.029   0.311
   4.598     273     6203.4     4153.4   0.434   0.508   0.018   0.345
   4.615     274     6203.5     4153.4   0.457   0.496   0.025   0.315
   4.633     275     6203.5     4153.5   0.465   0.477   0.013   0.281
   4.649     276     6203.5     4153.6   0.451   0.495   0.006   0.309
   4.666     277     6203.3     4153.6   0.455   0.497   0.018   0.314
   4.683     278     6203.3     4153.9   0.410   0.509   0.006   0.363
   4.700     279     6203.4     4153.9   0.471   0.467   0.021   0.279
   4.718     280     6203.2     4153.7   0.462   0.490   0.022   0.302
   4.736     281     6203.2     4153.6   0.458   0.501   0.044   0.331
   4.753     282     6203.3     4153.5   0.503   0.448   0.025   0.331
   4.770     283     6203.5     4153.5   0.458   0.497   0.031   0.319
   4.787     284     6203.4     4153.5   0.445   0.506   0.030   0.340
   4.804     285     6203.5     4153.5   0.452   0.503   0.031   0.330
   4.821     286     6203.5     4153.5   0.458   0.493   0.019   0.307
   4.838     287     6203.5     4153.8   0.430   0.506   0.007   0.340
   4.854     288     6203.5     4153.8   0.461   0.488   0.016   0.298
   4.871     289     6203.6     4154.0   0.461   0.487   0.013   0.295
   4.887     290     6203.7     4153.9   0.478   0.467   0.024   0.288
   4.904     291     6203.9     4153.8   0.480   0.468   0.034   0.296
   4.921     292     6203.9     4153.7   0.467   0.470   0.016   0.275
   4.938     293     6203.7     4153.7   0.465   0.476   0.012   0.279
   4.955     294     6203.8     4153.8   0.419   0.518   0.046   0.384
   4.972     295     6203.8     4153.8   0.477   0.464   0.010   0.280
   4.989     296     6203.8     4153.9   0.456   0.491   0.007   0.300
   5.006     297     6203.8     4153.7   0.479   0.468   0.032   0.294
   5.023     298     6203.8     4153.8   0.453   0.500   0.024   0.322
   5.039     299     6203.7     4153.8   0.421   0.512   0.021   0.363
   5.056     300     6203.8     4153.7   0.463   0.507   0.081   0.357
   5.073     301     6203.8     4153.6   0.478   0.466   0.018   0.284
   5.092     302     6203.8     4153.6   0.470   0.466   0.011   0.272
   5.108     303     6203.8     4153.5   0.471   0.467   0.017   0.276
   5.125     304     6203.8     4153.6   0.452   0.498   0.017   0.317
   5.142     305     6203.6     4153.5   0.462   0.486   0.014   0.293
   5.158     306     6203.8     4153.5   0.466   0.482   0.028   0.296
   5.175     307     6203.7     4153.5   0.439   0.507   0.021   0.341
   5.192     308     6203.7     4153.6   0.453   0.495   0.010   0.309
   5.209     309     6203.7     4153.6   0.443   0.509   0.039   0.350
   5.226     310     6203.6     4153.6   0.456   0.496   0.024   0.315
   5.242     311     6203.6     4153.6   0.441   0.505   0.020   0.337
   5.259     312     6203.4     4153.6   0.485   0.460   0.006   0.289
   5.276     313     6203.4     4153.4   0.469   0.472   0.032   0.286
   5.293     314     6203.4     4153.3   0.463   0.495   0.042   0.320
   5.311     315     6203.4     4153.2   0.458   0.502   0.046   0.333
   5.327     316     6203.4     4153.1   0.440   0.514   0.052   0.366
   5.344     317     6203.3     4153.0   0.471   0.466   0.015   0.275
   5.361     318     6203.2     4152.9   0.441   0.512   0.048   0.360
   5.378     319     6203.4     4152.8   0.480   0.470   0.049   0.304
   5.395     320     6203.4     4152.7   0.467   0.472   0.022   0.280
   5.412     321     6203.3     4152.6   0.459   0.493   0.024   0.310
   5.429     322     6203.2     4152.4   0.463   0.496   0.046   0.324
   5.445     323     6203.2     4152.6   0.456   0.493   0.011   0.304
   5.462     324     6203.3     4152.4   0.469   0.473   0.034   0.288
   5.481     325     6203.4     4152.5   0.460   0.490   0.020   0.303
   5.497     326     6203.4     4152.5   0.462   0.489   0.023   0.302
   5.514     327     6203.3     4152.6   0.434   0.506   0.013   0.340
   5.531     328     6203.2     4152.6   0.452   0.495   0.009   0.309
   5.548     329     6203.2     4152.6   0.485   0.462   0.013   0.292
   5.565     330     6203.2     4152.6   0.478   0.465   0.013   0.282
   5.581     331     6203.2     4152.6   0.463   0.488   0.025   0.301
   5.598     332     6203.1     4152.6   0.429   0.509   0.018   0.350
   5.615     333     6203.1     4152.7   0.448   0.501   0.019   0.324
   5.634     334     6203.3     4152.5   0.471   0.474   0.050   0.299
   5.650     335     6203.3     4152.5   0.465   0.491   0.038   0.311
   5.668     336     6203.3     4152.4   0.477   0.465   0.015   0.282
   5.685     337     6203.3     4152.4   0.465   0.483   0.022   0.293
   5.702     338     6203.3     4152.5   0.463   0.477   0.006   0.278
   5.720     339     6203.4     4152.7   0.475   0.464   0.006   0.276
   5.736     340     6203.3     4152.8   0.460   0.485   0.007   0.290
   5.753     341     6203.4     4152.8   0.470   0.466   0.010   0.272
   5.771     342     6203.4     4152.8   0.476   0.465   0.013   0.280
   5.787     343     6203.4     4152.7   0.454   0.503   0.041   0.335
   5.804     344     6203.3     4152.7   0.470   0.465   0.008   0.270
   5.821     345     6203.3     4152.8   0.460   0.488   0.012   0.297
   5.838     346     6203.2     4152.7   0.479   0.466   0.019   0.286
   5.854     347     6203.3     4152.6   0.478   0.466   0.017   0.284
   5.872     348     6203.1     4152.8   0.442   0.500   0.005   0.322
   5.888     349     6203.1     4152.8   0.452   0.500   0.025   0.324
   5.905     350     6203.1     4152.8   0.447   0.500   0.013   0.322
   5.922     351     6203.0     4152.8   0.451   0.502   0.027   0.328
   5.939     352     6203.0     4153.0   0.445   0.500   0.008   0.321
   5.957     353     6203.1     4153.0   0.462   0.490   0.024   0.305
   5.974     354     6203.1     4152.9   0.495   0.458   0.025   0.313
   5.990     355     6203.1     4152.7   0.469   0.481   0.042   0.301
   6.007     356     6203.0     4152.8   0.434   0.506   0.013   0.340
   6.026     357     6202.9     4152.8   0.454   0.498   0.021   0.317
   6.042     358     6202.9     4152.7   0.479   0.465   0.019   0.287
   6.059     359     6202.8     4152.8   0.445   0.500   0.007   0.321
   6.076     360     6202.9     4152.9   0.435   0.511   0.032   0.354
   6.093     361     6203.0     4152.8   0.466   0.483   0.029   0.297
   6.110     362     6203.0     4153.1   0.441   0.501   0.006   0.324
   6.126     363     6202.9     4153.0   0.466   0.478   0.022   0.287
   6.143     364     6202.9     4153.1   0.430   0.509   0.019   0.351
   6.160     365     6202.8     4153.1   0.460   0.489   0.014   0.299
   6.177     366     6202.9     4153.1   0.464   0.483   0.017   0.291
   6.194     367     6202.7     4153.1   0.470   0.464   0.004   0.269
   6.210     368     6202.8     4153.1   0.488   0.464   0.027   0.303
   6.227     369     6202.8     4153.0   0.457   0.500   0.039   0.328
   6.244     370     6202.8     4152.8   0.506   0.448   0.034   0.339
   6.260     371     6202.8     4152.7   0.448   0.511   0.053   0.356
   6.277     372     6202.9     4152.6   0.467   0.483   0.031   0.298
   6.294     373     6202.9     4152.6   0.502   0.442   0.010   0.327
   6.311     374     6203.0     4152.7   0.459   0.492   0.018   0.305
   6.328     375     6203.0     4152.5   0.468   0.486   0.045   0.309
   6.345     376     6203.1     4152.5   0.466   0.489   0.041   0.311
   6.361     377     6203.1     4152.6   0.454   0.495   0.012   0.310
   6.378     378     6203.1     4152.5   0.497   0.452   0.012   0.312
   6.395     379     6203.2     4152.4   0.467   0.492   0.050   0.319
   6.411     380     6203.2     4152.4   0.476   0.465   0.014   0.281
   6.428     381     6203.4     4152.4   0.482   0.466   0.024   0.294
   6.445     382     6203.4     4152.3   0.464   0.491   0.037   0.312
   6.462     383     6203.4     4152.3   0.451   0.505   0.037   0.338
   6.479     384     6203.5     4152.3   0.477   0.465   0.015   0.282
   6.496     385     6203.5     4152.2   0.470   0.473   0.037   0.290
   6.514     386     6203.5     4152.3   0.465   0.469   0.006   0.269
   6.531     387     6203.5     4152.2   0.448   0.509   0.046   0.349
   6.547     388     6203.6     4152.4   0.464   0.477   0.008   0.279
   6.564     389     6203.4     4152.5   0.400   0.512   0.012   0.378
   6.581     390     6203.5     4152.5   0.464   0.484   0.021   0.294
   6.598     391     6203.5     4152.4   0.488   0.462   0.021   0.301
   6.615     392     6203.6     4152.4   0.465   0.489   0.032   0.306
   6.632     393     6203.5     4152.4   0.457   0.490   0.008   0.299
   6.649     394     6203.6     4152.4   0.471   0.467   0.022   0.279
   6.665     395     6203.6     4152.5   0.485   0.460   0.004   0.289
   6.682     396     6203.5     4152.5   0.469   0.465   0.007   0.269
   6.698     397     6203.4     4152.5   0.456   0.494   0.012   0.306
   6.715     398     6203.3     4152.5   0.462   0.485   0.013   0.292
   6.732     399     6203.4     4152.5   0.471   0.467   0.019   0.277
   6.749     400     6203.3     4152.6   0.464   0.470   0.003   0.269
   6.766     401     6203.2     4152.6   0.458   0.494   0.021   0.310
   6.783     402     6203.2     4152.7   0.463   0.482   0.010   0.287
   6.800     403     6203.1     4152.7   0.433   0.507   0.015   0.343
   6.817     404     6203.3     4152.5   0.498   0.465   0.058   0.332
   6.834     405     6203.2     4152.5   0.461   0.485   0.009   0.290
   6.850     406     6203.3     4152.5   0.451   0.506   0.042   0.341
   6.867     407     6203.2     4152.5   0.441   0.513   0.052   0.363
   6.884     408     6203.2     4152.6   0.449   0.497   0.006   0.312
   6.901     409     6203.1     4152.6   0.450   0.498   0.013   0.316
   6.918     410     6202.9     4152.6   0.449   0.501   0.019   0.324
   6.935     411     6202.9     4152.5   0.464   0.488   0.026   0.301
   6.952     412     6203.0     4152.6   0.465   0.476   0.013   0.280
   6.969     413     6203.1     4152.6   0.461   0.487   0.014   0.296
   6.985     414     6203.0     4152.7   0.448   0.499   0.010   0.317
   7.002     415     6203.0     4152.7   0.463   0.484   0.016   0.291
   7.018     416     6202.8     4152.9   0.402   0.511   0.007   0.372
   7.035     417     6202.8     4153.0   0.460   0.484   0.005   0.287
   7.052     418     6202.8     4153.0   0.459   0.495   0.027   0.314
   7.071     419     6202.7     4153.0   0.458   0.493   0.017   0.306
   7.088     420     6202.7     4153.1   0.456   0.490   0.005   0.298
   7.105     421     6202.8     4153.0   0.494   0.460   0.026   0.311
   7.121     422     6202.7     4153.0   0.487   0.460   0.011   0.295
   7.138     423     6202.6     4153.0   0.428   0.509   0.018   0.352
   7.155     424     6202.5     4153.0   0.459   0.489   0.010   0.297
   7.172     425     6202.4     4153.0   0.442   0.503   0.013   0.329
   7.189     426     6202.4     4153.0   0.466   0.477   0.018   0.283
   7.206     427     6202.4     4152.9   0.482   0.466   0.024   0.293
   7.223     428     6202.4     4152.9   0.466   0.483   0.026   0.295
   7.240     429     6202.4     4152.8   0.466   0.483   0.025   0.294
   7.257     430     6202.5     4152.7   0.492   0.460   0.023   0.308
   7.273     431     6202.6     4152.7   0.464   0.487   0.027   0.301
   7.290     432     6202.6     4152.7   0.464   0.483   0.018   0.292
   7.307     433     6202.7     4152.5   0.473   0.496   0.091   0.346
   7.324     434     6202.8     4152.6   0.444   0.504   0.021   0.334
   7.341     435     6202.9     4152.7   0.462   0.488   0.020   0.300
   7.358     436     6202.9     4152.7   0.466   0.471   0.013   0.274
   7.375     437     6203.0     4152.8   0.465   0.469   0.007   0.269
   7.392     438     6202.9     4152.9   0.457   0.493   0.013   0.305
   7.409     439     6202.8     4152.8   0.477   0.464   0.009   0.279
   7.425     440     6202.8     4152.7   0.461   0.499   0.048   0.330
   7.442     441     6202.8     4152.6   0.466   0.478   0.022   0.287
   7.459     442     6202.8     4152.7   0.458   0.496   0.029   0.317
   7.476     443     6202.9     4152.6   0.467   0.477   0.025   0.287
   7.493     444     6202.9     4152.5   0.479   0.468   0.034   0.294
   7.510     445     6203.0     4152.6   0.469   0.466   0.010   0.271
   7.527     446     6203.0     4152.6   0.469   0.466   0.010   0.271
   7.544     447     6203.0     4152.7   0.452   0.497   0.014   0.314
   7.560     448     6202.9     4152.7   0.457   0.490   0.007   0.298
   7.577     449     6203.1     4152.8   0.488   0.462   0.018   0.299
   7.594     450     6203.1     4152.8   0.460   0.488   0.014   0.298
   7.611     451     6203.1     4152.8   0.450   0.500   0.018   0.322
   7.628     452     6203.0     4152.8   0.407   0.522   0.050   0.401
   7.645     453     6202.9     4152.8   0.449   0.500   0.016   0.322
   7.662     454     6202.9     4152.8   0.452   0.499   0.022   0.321
   7.679     455     6202.8     4152.8   0.462   0.488   0.017   0.298
   7.696     456     6202.8     4152.9   0.450   0.500   0.020   0.323
   7.712     457     6202.8     4152.9   0.483   0.461   0.005   0.285
   7.729     458     6202.8     4152.9   0.467   0.471   0.017   0.276
   7.745     459     6202.8     4152.9   0.457   0.498   0.031   0.321
   7.762     460     6202.9     4152.9   0.470   0.466   0.015   0.275
   7.779     461     6202.8     4152.8   0.464   0.488   0.029   0.304
   7.796     462     6202.7     4152.8   0.459   0.489   0.009   0.296
   7.813     463     6202.7     4152.9   0.442   0.506   0.022   0.337
   7.830     464     6202.7     4152.9   0.465   0.477   0.014   0.281
   7.847     465     6202.8     4152.9   0.454   0.500   0.029   0.325
   7.863     466     6202.9     4152.9   0.493   0.461   0.030   0.312
   7.880     467     6202.9     4153.0   0.479   0.462   0.004   0.280
   7.897     468     6202.8     4153.0   0.470   0.465   0.008   0.270
   7.914     469     6202.8     4153.0   0.466   0.469   0.011   0.271
   7.931     470     6202.8     4153.2   0.404   0.511   0.010   0.373
   7.948     471     6202.8     4153.0   0.493   0.461   0.030   0.312
   7.965     472     6202.8     4153.1   0.464   0.477   0.011   0.280
   7.982     473     6202.8     4153.0   0.467   0.477   0.027   0.289
   7.999     474     6202.7     4152.8   0.473   0.469   0.033   0.287
   8.015     475     6202.7     4152.9   0.450   0.499   0.013   0.318
   8.032     476     6202.6     4153.0   0.430   0.509   0.018   0.350
   8.049     477     6202.5     4153.0   0.446   0.498   0.004   0.315
   8.065     478     6202.6     4152.9   0.481   0.471   0.056   0.309
   8.081     479     6202.5     4153.0   0.444   0.501   0.009   0.324
   8.099     480     6202.5     4152.9   0.460   0.493   0.027   0.310
   8.116     481     6202.4     4152.9   0.466   0.471   0.016   0.276
   8.132     482     6202.4     4152.9   0.459   0.493   0.021   0.307
   8.148     483     6202.5     4153.0   0.464   0.476   0.009   0.278
   8.166     484     6202.6     4153.1   0.454   0.496   0.016   0.313
   8.183     485     6202.6     4153.0   0.471   0.467   0.022   0.280
   8.199     486     6202.5     4153.2   0.438   0.502   0.003   0.327
   8.216     487     6202.6     4153.2   0.482   0.463   0.010   0.287
   8.233     488     6202.6     4153.2   0.493   0.458   0.017   0.306
   8.251     489     6202.7     4153.2   0.453   0.503   0.038   0.334
   8.267     490     6202.8     4153.0   0.488   0.470   0.057   0.318
   8.284     491     6202.7     4153.1   0.457   0.490   0.008   0.299
   8.300     492     6202.8     4153.1   0.461   0.492   0.027   0.309
   8.316     493     6202.8     4153.0   0.472   0.467   0.022   0.280
   8.333     494     6202.7     4153.1   0.464   0.470   0.003   0.268
   8.350     495     6202.7     4153.0   0.470   0.493   0.067   0.329
   8.368     496     6202.8     4152.9   0.469   0.479   0.037   0.296
   8.384     497     6202.8     4152.8   0.497   0.453   0.016   0.315
   8.401     498     6202.7     4152.8   0.465   0.477   0.015   0.282
   8.418     499     6202.7     4152.7   0.466   0.485   0.028   0.299
   8.435     500     6202.7     4152.8   0.462   0.484   0.010   0.289
   8.451     501     6202.7     4152.8   0.483   0.462   0.008   0.287
   8.468     502     6202.7     4152.8   0.459   0.493   0.023   0.309
   8.485     503     6202.7     4152.8   0.466   0.470   0.014   0.274
   8.502     504     6202.8     4152.8   0.464   0.488   0.030   0.304
   8.519     505     6202.8     4152.8   0.465   0.484   0.023   0.295
   8.536     506     6202.7     4152.8   0.464   0.478   0.008   0.281
   8.553     507     6202.6     4152.7   0.434   0.510   0.028   0.353
   8.570     508     6202.4     4152.6   0.456   0.497   0.024   0.317
   8.588     509     6202.5     4152.5   0.476   0.473   0.063   0.308
   8.604     510     6202.6     4152.6   0.465   0.476   0.012   0.280
   8.620     511     6202.7     4152.6   0.464   0.488   0.028   0.302
   8.637     512     6202.7     4152.6   0.463   0.483   0.013   0.289
   8.654     513     6202.7     4152.7   0.426   0.509   0.013   0.350
   8.671     514     6202.7     4152.6   0.457   0.502   0.046   0.335
   8.688     515     6202.7     4152.7   0.464   0.482   0.016   0.289
   8.705     516     6202.6     4152.7   0.478   0.464   0.007   0.280
   8.722     517     6202.7     4152.6   0.465   0.483   0.024   0.294
   8.738     518     6202.6     4152.6   0.440   0.507   0.025   0.343
   8.754     519     6202.7     4152.7   0.458   0.495   0.025   0.314
   8.771     520     6202.8     4152.7   0.452   0.501   0.026   0.325
   8.787     521     6202.7     4152.8   0.451   0.498   0.015   0.316
   8.804     522     6202.7     4152.8   0.440   0.507   0.023   0.341
   8.821     523     6202.8     4152.9   0.452   0.499   0.022   0.321
   8.837     524     6202.8     4152.8   0.479   0.465   0.015   0.285
   8.855     525     6202.8     4152.8   0.489   0.459   0.013   0.299
   8.872     526     6202.7     4152.9   0.454   0.491   0.003   0.300
   8.888     527     6202.7     4153.0   0.425   0.510   0.018   0.355
   8.905     528     6202.7     4153.1   0.450   0.499   0.014   0.317
   8.922     529     6202.8     4153.1   0.469   0.473   0.036   0.289
   8.942     530     6202.8     4152.8   0.478   0.481   0.099   0.335
   8.961     531     6202.9     4152.9   0.463   0.483   0.014   0.290
   8.977     532     6203.0     4152.8   0.469   0.472   0.034   0.287
   8.994     533     6202.9     4153.0   0.393   0.513   0.013   0.387
   9.010     534     6202.9     4153.0   0.447   0.502   0.019   0.327
   9.027     535     6203.0     4153.0   0.459   0.499   0.040   0.327
   9.044     536     6203.1     4153.2   0.442   0.502   0.009   0.326
   9.061     537     6203.1     4153.1   0.489   0.464   0.030   0.305
   9.079     538     6203.1     4153.2   0.455   0.490   0.003   0.298
   9.095     539     6203.2     4153.2   0.484   0.465   0.027   0.297
   9.112     540     6203.0     4153.1   0.427   0.514   0.035   0.366
   9.130     541     6203.1     4153.2   0.478   0.463   0.006   0.279
   9.146     542     6203.2     4153.2   0.458   0.499   0.036   0.324
   9.163     543     6203.1     4153.4   0.432   0.504   0.002   0.333
   9.182     544     6203.0     4153.3   0.456   0.499   0.032   0.323
   9.198     545     6202.9     4153.4   0.408   0.512   0.015   0.372
   9.217     546     6202.7     4153.2   0.436   0.515   0.049   0.367
   9.233     547     6202.5     4153.2   0.420   0.510   0.014   0.358
   9.250     548     6202.6     4153.2   0.472   0.468   0.025   0.281
   9.267     549     6202.6     4153.2   0.464   0.484   0.018   0.293
   9.283     550     6202.5     4153.2   0.460   0.489   0.013   0.297
   9.300     551     6202.5     4153.1   0.467   0.471   0.020   0.277
   9.317     552     6202.4     4153.0   0.460   0.495   0.032   0.316
   9.333     553     6202.3     4153.2   0.464   0.468   0.002   0.266
   9.349     554     6202.4     4153.0   0.501   0.454   0.031   0.327
   9.367     555     6202.4     4152.9   0.470   0.473   0.038   0.290
   9.384     556     6202.2     4152.9   0.413   0.514   0.023   0.373
   9.400     557     6202.2     4153.0   0.432   0.507   0.012   0.342
   9.417     558     6202.2     4152.9   0.455   0.511   0.072   0.361
   9.433     559     6202.2     4152.8   0.506   0.432   0.011   0.341
   9.450     560     6202.3     4153.0   0.457   0.490   0.008   0.299
   9.468     561     6202.2     4153.0   0.461   0.486   0.011   0.292
   9.484     562     6202.2     4153.0   0.466   0.484   0.031   0.298
   9.501     563     6202.2     4152.9   0.485   0.465   0.023   0.296
   9.518     564     6202.2     4153.0   0.465   0.470   0.004   0.269
   9.535     565     6202.2     4152.9   0.455   0.504   0.045   0.338
   9.552     566     6202.2     4152.9   0.462   0.484   0.011   0.290
   9.569     567     6202.3     4152.9   0.469   0.472   0.032   0.286

[✓] Dừng. 567 frames. Log → realtime_log.csv
