KF — UWB Realtime
  Q=0.01 mm²   R=300.0 mm²
  Anchors : ['0x1001', '0x1002', '0x1003', '0x1004']
  Height  : 1400.0 mm

Đang kết nối /dev/serial/by-id/usb-SEGGER_J-Link_000760192143-if00 @ 921600...
OK. Đang chờ dữ liệu... (Ctrl+C để dừng)

 Time(s)   Frame      X(mm)      Y(mm)
----------------------------------------
[KF] init  x=-36.7  y=1015.7
   0.002       1      -67.6      951.6
   0.017       2      -44.8      928.5
   0.034       3      -53.2      937.2
   0.050       4      -51.9      911.5
   0.067       5      -51.6      908.0
   0.083       6      -58.1      907.7
   0.100       7      -60.3      912.9
   0.117       8      -57.8      909.6
   0.134       9      -56.8      910.2
   0.151      10      -54.7      912.1
   0.169      11      -52.2      914.0
   0.185      12      -51.3      914.4
   0.201      13      -51.8      918.4
   0.218      14      -48.9      919.9
   0.234      15      -49.2      921.4
   0.251      16      -48.9      919.1
   0.268      17      -47.9      920.7
   0.285      18      -47.5      920.0
   0.302      19      -48.0      919.9
   0.319      20      -45.5      919.1
   0.336      21      -47.4      917.7
   0.353      22      -48.4      919.0
   0.370      23      -47.4      917.4
   0.386      24      -46.1      916.1
   0.403      25      -47.5      917.1
   0.420      26      -48.5      917.2
   0.437      27      -48.3      918.6
   0.454      28      -46.7      917.7
   0.471      29      -45.1      916.8
   0.488      30      -44.8      917.6
   0.505      31      -44.8      917.7
   0.521      32      -45.2      917.3
   0.538      33      -45.7      918.4
   0.557      34      -46.2      918.1
   0.573      35      -46.7      917.6
   0.590      36      -46.5      917.2
   0.607      37      -45.9      916.3
   0.624      38      -46.3      917.1
   0.641      39      -45.9      917.5
   0.658      40      -46.9      918.2
   0.674      41      -46.6      918.1
   0.691      42      -46.1      917.2
   0.708      43      -47.0      916.6
   0.725      44      -47.3      916.7
   0.742      45      -46.8      916.0
   0.759      46      -47.0      916.6
   0.776      47      -47.1      916.3
   0.793      48      -47.9      916.1
   0.809      49      -48.1      914.9
   0.826      50      -48.9      914.8
   0.843      51      -48.6      914.9
   0.860      52      -48.5      914.7
   0.877      53      -48.8      915.1
   0.894      54      -48.3      913.5
   0.911      55      -48.0      913.8
   0.928      56      -48.1      914.3
   0.944      57      -49.1      914.2
   0.961      58      -48.9      914.1
   0.978      59      -48.9      914.5
   0.995      60      -49.5      914.9
   1.012      61      -49.2      914.0
   1.029      62      -49.4      913.3
   1.046      63      -48.7      913.3
   1.063      64      -49.5      913.9
   1.080      65      -49.3      914.4
   1.096      66      -49.4      914.1
   1.113      67      -49.2      914.5
   1.130      68      -49.4      915.8
   1.147      69      -49.4      915.6
   1.163      70      -49.3      915.8
   1.180      71      -49.0      916.5
   1.197      72      -49.4      916.7
   1.214      73      -49.1      917.3
   1.232      74      -49.4      917.2
   1.247      75      -49.3      917.4
   1.264      76      -49.0      917.6
   1.281      77      -48.9      917.7
   1.298      78      -48.9      917.7
   1.315      79      -48.8      918.1
   1.332      80      -48.4      917.8
   1.349      81      -48.6      917.6
   1.367      82      -48.9      917.1
   1.382      83      -48.8      916.9
   1.399      84      -49.7      917.0
   1.416      85      -49.6      917.0
   1.433      86      -49.9      917.1
   1.450      87      -49.5      917.5
   1.467      88      -49.6      917.4
   1.484      89      -49.7      917.6
   1.501      90      -49.4      917.6
   1.518      91      -49.5      918.2
   1.534      92      -49.4      918.5
   1.551      93      -49.1      918.2
   1.568      94      -49.1      918.7
   1.585      95      -48.9      918.7
   1.603      96      -48.8      918.9
   1.619      97      -48.5      919.0
   1.636      98      -48.6      918.5
   1.652      99      -48.4      918.4
   1.671     100      -48.3      918.0
   1.687     101      -48.2      917.9
   1.704     102      -48.1      918.0
   1.721     103      -48.2      917.8
   1.738     104      -48.3      917.7
   1.756     105      -48.6      917.6
   1.773     106      -49.0      918.2
   1.790     107      -49.4      918.2
   1.806     108      -49.3      918.4
   1.823     109      -49.4      918.4
   1.841     110      -49.8      918.1
   1.856     111      -49.9      918.1
   1.873     112      -49.8      918.7
   1.890     113      -49.9      919.0
   1.907     114      -49.9      918.3
   1.924     115      -50.0      918.5
   1.940     116      -50.0      918.2
   1.957     117      -50.3      918.7
   1.974     118      -49.9      918.7
   1.991     119      -50.0      919.1
   2.008     120      -50.2      919.0
   2.025     121      -50.1      919.0
   2.042     122      -49.9      919.3
   2.059     123      -49.6      918.8
   2.077     124      -49.8      918.8
   2.092     125      -50.1      918.8
   2.109     126      -50.1      918.9
   2.126     127      -50.0      918.0
   2.143     128      -49.8      918.5
   2.160     129      -49.9      918.3
   2.177     130      -49.7      918.5
   2.194     131      -49.7      918.8
   2.211     132      -49.8      918.4
   2.228     133      -49.7      918.6
   2.244     134      -49.8      918.5
   2.262     135      -50.0      918.6
   2.280     136      -49.8      918.6
   2.296     137      -50.4      918.4
   2.313     138      -50.7      917.8
   2.330     139      -50.6      918.1
   2.347     140      -50.5      917.9
   2.363     141      -50.5      918.7
   2.380     142      -50.7      918.9
   2.399     143      -50.7      918.7
   2.415     144      -51.2      918.8
   2.432     145      -51.2      919.2
   2.449     146      -51.1      919.4
   2.466     147      -50.8      918.9
   2.483     148      -50.5      919.3
   2.499     149      -50.5      919.3
   2.516     150      -50.6      919.0
   2.533     151      -50.9      919.1
   2.550     152      -51.2      919.7
   2.567     153      -51.2      919.4
   2.584     154      -50.8      919.0
   2.601     155      -51.1      919.2
   2.618     156      -50.9      919.1
   2.635     157      -50.8      919.1
   2.651     158      -50.8      919.2
   2.668     159      -50.6      919.4
   2.685     160      -50.7      919.5
   2.702     161      -51.1      919.5
   2.719     162      -50.7      919.4
   2.736     163      -50.9      919.0
   2.754     164      -51.2      919.1
   2.771     165      -51.3      919.3
   2.787     166      -51.3      919.5
   2.804     167      -52.0      919.3
   2.821     168      -51.9      919.6
   2.838     169      -51.8      919.6
   2.855     170      -51.8      919.4
   2.873     171      -52.0      919.4
   2.890     172      -52.1      919.3
   2.906     173      -52.1      918.8
   2.923     174      -52.3      919.0
   2.940     175      -52.0      919.3
   2.957     176      -52.0      919.5
   2.974     177      -52.2      919.6
   2.991     178      -52.4      919.7
   3.008     179      -52.6      919.2
   3.025     180      -52.8      919.1
   3.042     181      -52.6      919.1
   3.058     182      -52.4      919.2
   3.075     183      -52.3      919.1
   3.092     184      -52.4      919.2
   3.111     185      -52.1      919.4
   3.127     186      -52.2      919.2
   3.144     187      -52.4      919.3
   3.161     188      -52.2      918.8
   3.178     189      -52.4      918.8
   3.194     190      -52.9      918.8
   3.211     191      -53.1      918.8
   3.228     192      -53.0      919.1
   3.245     193      -53.3      919.0
   3.262     194      -53.1      919.2
   3.279     195      -53.0      918.9
   3.297     196      -53.0      919.0
   3.313     197      -53.1      918.9
   3.329     198      -52.7      918.6
   3.346     199      -52.5      918.5
   3.363     200      -52.5      918.6
   3.380     201      -52.3      918.7
   3.397     202      -52.1      918.9
   3.414     203      -51.9      919.0
   3.431     204      -52.1      918.8
   3.448     205      -51.7      918.0
   3.464     206      -51.7      918.0
   3.481     207      -51.6      918.0
   3.498     208      -51.6      918.3
   3.515     209      -51.6      918.2
   3.533     210      -51.6      918.5
   3.549     211      -51.3      918.7
   3.567     212      -51.4      918.3
   3.583     213      -51.4      918.5
   3.601     214      -51.4      918.2
   3.616     215      -51.5      917.8
   3.633     216      -51.4      917.5
   3.650     217      -51.6      917.4
   3.667     218      -51.5      917.7
   3.684     219      -51.4      917.5
   3.701     220      -51.3      917.5
   3.718     221      -51.2      916.9
   3.735     222      -50.9      916.8
   3.751     223      -51.1      916.7
   3.768     224      -51.2      916.9
   3.785     225      -51.3      917.1
   3.802     226      -51.5      917.1
   3.820     227      -51.6      916.9
   3.837     228      -51.5      916.9
   3.853     229      -51.5      917.7
   3.870     230      -51.3      917.5
   3.886     231      -50.8      916.7
   3.903     232      -51.0      916.9
   3.920     233      -51.2      916.9
   3.937     234      -51.3      916.9
   3.954     235      -51.4      916.8
   3.971     236      -51.1      916.7
   3.989     237      -51.1      917.0
   4.006     238      -51.0      916.7
   4.022     239      -50.9      916.7
   4.038     240      -51.0      916.8
   4.055     241      -51.1      916.9
   4.075     242      -51.2      916.8
   4.091     243      -51.0      916.9
   4.106     244      -50.8      917.1
   4.124     245      -50.9      917.3
   4.141     246      -50.7      917.2
   4.158     247      -50.6      917.5
   4.174     248      -50.7      917.2
   4.191     249      -50.8      917.7
   4.208     250      -51.0      917.6
   4.225     251      -51.4      917.6
   4.242     252      -51.4      917.5
   4.259     253      -51.3      917.7
   4.276     254      -51.4      917.7
   4.293     255      -51.5      917.6
   4.309     256      -51.5      917.5
   4.326     257      -51.3      917.7
   4.343     258      -51.1      917.6
   4.360     259      -50.5      917.5
   4.377     260      -50.4      917.2
   4.394     261      -50.5      917.4
   4.411     262      -50.4      917.7
   4.428     263      -50.1      917.8
   4.444     264      -50.1      917.9
   4.461     265      -49.8      918.4
   4.478     266      -49.7      918.7
   4.495     267      -49.4      918.8
   4.511     268      -49.5      919.4
   4.528     269      -49.3      919.0
   4.545     270      -49.1      919.3
   4.562     271      -48.8      919.0
   4.579     272      -48.8      919.5
   4.595     273      -48.7      919.5
   4.612     274      -48.7      919.8
   4.629     275      -48.7      919.6
   4.646     276      -48.7      919.6
   4.663     277      -48.6      919.8
   4.680     278      -48.7      919.8
   4.697     279      -48.6      919.5
   4.715     280      -48.7      919.5
   4.733     281      -48.3      919.1
   4.750     282      -48.1      919.1
   4.767     283      -48.1      918.9
   4.784     284      -48.1      919.0
   4.801     285      -48.1      918.9
   4.818     286      -48.2      919.1
   4.835     287      -48.4      918.9
   4.852     288      -48.4      918.8
   4.867     289      -48.3      918.6
   4.884     290      -48.0      918.4
   4.901     291      -48.3      918.0
   4.918     292      -48.2      917.6
   4.935     293      -48.2      917.5
   4.952     294      -48.5      917.6
   4.969     295      -48.4      917.6
   4.987     296      -48.4      917.9
   5.004     297      -48.2      918.3
   5.021     298      -48.1      918.6
   5.038     299      -48.2      918.4
   5.055     300      -48.3      918.1
   5.072     301      -48.0      918.3
   5.089     302      -47.8      918.6
   5.106     303      -47.6      918.6
   5.123     304      -47.6      918.5
   5.140     305      -47.6      918.9
   5.155     306      -47.4      918.7
   5.173     307      -47.5      918.7
   5.189     308      -47.3      918.6
   5.206     309      -47.3      918.7
   5.224     310      -47.2      918.8
   5.241     311      -47.0      919.2
   5.258     312      -47.2      918.9
   5.277     313      -47.5      919.2
   5.292     314      -47.4      919.1
   5.309     315      -47.2      919.9
   5.327     316      -47.4      920.2
   5.344     317      -47.5      920.0
   5.361     318      -47.7      920.1
   5.378     319      -47.5      920.1
   5.395     320      -47.5      920.4
   5.411     321      -47.3      920.5
   5.428     322      -47.5      920.4
   5.447     323      -47.9      920.8
   5.463     324      -47.9      920.5
   5.480     325      -47.8      920.8
   5.498     326      -47.9      920.8
   5.515     327      -47.9      920.8
   5.531     328      -47.9      920.9
   5.547     329      -47.7      920.9
   5.564     330      -47.6      921.2
   5.581     331      -47.5      920.9
   5.599     332      -47.6      920.8
   5.616     333      -47.5      920.8
   5.633     334      -47.8      921.0
   5.650     335      -47.7      920.7
   5.667     336      -47.5      921.0
   5.683     337      -47.3      920.7
   5.700     338      -47.2      921.2
   5.717     339      -47.1      921.3
   5.734     340      -47.1      921.3
   5.750     341      -47.1      921.6
   5.767     342      -46.8      921.9
   5.784     343      -46.9      921.9
   5.801     344      -46.7      922.1
   5.818     345      -46.8      922.4
   5.836     346      -46.9      922.1
   5.852     347      -47.0      922.0
   5.869     348      -47.2      921.9
   5.886     349      -47.1      922.3
   5.903     350      -46.9      922.3
   5.920     351      -47.0      922.1
   5.937     352      -49.5      920.9
   5.954     353      -49.5      921.0
   5.970     354      -49.7      921.2
   5.987     355      -49.4      921.1
   6.004     356      -49.5      920.4
   6.021     357      -49.4      920.1
   6.037     358      -49.4      920.2
   6.055     359      -49.2      920.0
   6.072     360      -48.8      920.2
   6.089     361      -48.8      920.3
   6.105     362      -48.7      920.5
   6.124     363      -48.5      920.3
   6.140     364      -48.2      920.4
   6.157     365      -48.3      920.4
   6.174     366      -48.3      920.3
   6.191     367      -48.2      920.4
   6.208     368      -48.2      920.7
   6.225     369      -48.4      921.1
   6.241     370      -48.2      921.6
   6.258     371      -47.9      921.4
   6.277     372      -47.6      921.5
   6.293     373      -47.5      921.6
   6.310     374      -47.7      921.6
   6.327     375      -47.7      922.1
   6.344     376      -47.7      921.6
   6.361     377      -47.6      921.3
   6.377     378      -47.6      921.3
   6.396     379      -47.6      921.4
   6.412     380      -47.7      921.5
   6.429     381      -47.5      921.1
   6.446     382      -47.4      920.6
   6.463     383      -47.4      920.2
   6.480     384      -47.3      920.4
   6.497     385      -47.3      920.2
   6.513     386      -47.3      920.5
   6.530     387      -47.5      920.9
   6.547     388      -47.4      920.9
   6.564     389      -47.6      920.9
   6.581     390      -47.7      920.8
   6.598     391      -47.7      920.7
   6.615     392      -47.5      920.4
   6.632     393      -47.4      920.4
   6.649     394      -47.3      920.5
   6.665     395      -47.5      920.9
   6.682     396      -47.5      920.6
   6.699     397      -47.6      920.5
   6.716     398      -47.6      920.3
   6.733     399      -47.5      920.2
   6.750     400      -47.5      920.1
   6.767     401      -47.6      920.5
   6.784     402      -47.7      920.0
   6.800     403      -47.6      920.6
   6.819     404      -47.8      920.6
   6.835     405      -47.9      920.5
   6.852     406      -48.1      920.7
   6.869     407      -47.9      920.6
   6.886     408      -47.9      920.6
   6.903     409      -48.3      921.1
   6.920     410      -48.2      921.2
   6.936     411      -48.2      921.5
   6.953     412      -48.1      921.3
   6.969     413      -48.3      920.9
   6.986     414      -48.3      920.8
   7.003     415      -48.2      920.8
   7.019     416      -48.2      921.0
   7.036     417      -48.4      920.9
   7.053     418      -48.6      920.8
   7.070     419      -48.5      921.0
   7.087     420      -48.4      921.2
   7.103     421      -48.3      921.1
   7.120     422      -48.3      921.4
   7.137     423      -48.3      921.1
   7.154     424      -48.5      921.1
   7.171     425      -48.6      921.0
   7.189     426      -48.9      921.2
   7.205     427      -49.1      921.7
   7.223     428      -49.3      921.9
   7.239     429      -49.4      921.4
   7.255     430      -49.8      921.7
   7.272     431      -49.8      921.4
   7.289     432      -49.8      921.3
   7.306     433      -50.0      921.5
   7.323     434      -50.1      921.3
   7.340     435      -50.1      921.5
   7.357     436      -50.0      921.4
   7.373     437      -49.9      921.1
   7.390     438      -50.1      921.1
   7.409     439      -50.2      921.4
   7.425     440      -50.1      921.8
   7.442     441      -50.1      921.5
   7.459     442      -50.4      921.5
   7.476     443      -50.6      921.5
   7.493     444      -50.9      921.7
   7.510     445      -50.9      921.9
   7.526     446      -50.7      922.3
   7.543     447      -50.6      922.2
   7.560     448      -50.6      922.7
   7.577     449      -50.6      922.8
   7.594     450      -51.0      923.0
   7.611     451      -51.1      922.8
   7.628     452      -51.2      922.9
   7.645     453      -51.2      922.8
   7.661     454      -51.3      923.1
   7.678     455      -51.2      922.7
   7.697     456      -51.1      922.6
   7.713     457      -51.0      922.5
   7.729     458      -51.1      922.2
   7.746     459      -51.2      922.1
   7.763     460      -51.4      922.1
   7.780     461      -51.4      922.2
   7.797     462      -51.4      922.3
   7.813     463      -51.5      922.6
   7.830     464      -51.6      922.4
   7.847     465      -51.7      922.2
   7.864     466      -51.5      922.1
   7.881     467      -51.7      922.4
   7.898     468      -51.9      922.7
   7.915     469      -52.0      922.4
   7.932     470      -51.8      922.1
   7.948     471      -52.1      922.1
   7.965     472      -52.1      921.8
   7.982     473      -52.3      922.2
   7.999     474      -52.4      922.2
   8.016     475      -52.6      922.2
   8.034     476      -52.5      922.1
   8.050     477      -52.5      922.0
   8.068     478      -52.4      922.0
   8.084     479      -52.6      922.1
   8.101     480      -52.5      922.3
   8.118     481      -52.5      922.3
   8.135     482      -52.6      922.2
   8.154     483      -52.7      922.2
   8.170     484      -52.7      922.1
   8.187     485      -52.7      922.3
   8.204     486      -52.5      921.8
   8.220     487      -52.4      921.7
   8.239     488      -52.8      921.7
   8.255     489      -53.2      921.6
   8.272     490      -53.4      921.7
   8.289     491      -53.6      921.5
   8.307     492      -53.8      921.2
   8.324     493      -53.9      921.3
   8.340     494      -54.1      921.5
   8.357     495      -54.4      921.6
   8.374     496      -54.6      922.0
   8.391     497      -55.0      922.1
   8.408     498      -55.2      922.4
   8.425     499      -55.6      922.4
   8.442     500      -55.8      922.5
   8.459     501      -55.8      922.4
   8.476     502      -55.8      922.4
   8.492     503      -55.8      922.1
   8.509     504      -55.9      921.7
   8.526     505      -56.1      921.5
   8.543     506      -55.9      921.7
   8.560     507      -56.0      921.4
   8.577     508      -56.0      921.3
   8.594     509      -56.2      921.0
   8.611     510      -56.5      921.0
   8.627     511      -56.4      920.9
   8.644     512      -56.3      920.8
   8.661     513      -56.2      920.7
   8.678     514      -56.3      920.4
   8.695     515      -56.6      920.5
   8.713     516      -56.9      920.6
   8.730     517      -57.3      920.7
   8.747     518      -57.4      920.7
   8.763     519      -57.4      921.1
   8.780     520      -57.3      920.8
   8.797     521      -57.4      920.6
   8.814     522      -57.4      920.6
   8.830     523      -57.3      921.0
   8.847     524      -57.1      921.3
   8.864     525      -57.2      921.1
   8.881     526      -57.5      921.3
   8.898     527      -57.7      921.1
   8.914     528      -57.7      921.5
   8.931     529      -57.7      921.1
   8.948     530      -57.7      920.9
   8.965     531      -57.8      920.7
   8.982     532      -57.6      920.3
   8.999     533      -57.7      920.5
   9.016     534      -58.0      920.4
   9.033     535      -58.0      920.7
   9.049     536      -57.9      921.1
   9.066     537      -57.9      920.9
   9.083     538      -57.9      920.7
   9.100     539      -57.8      921.4
   9.117     540      -58.0      921.5
   9.134     541      -58.1      921.8
   9.152     542      -58.4      922.2
   9.168     543      -58.4      922.0
   9.188     544      -58.6      922.2
   9.206     545      -58.7      922.1
   9.222     546      -58.7      921.8
   9.239     547      -58.8      921.4
   9.256     548      -59.0      921.0
   9.273     549      -59.2      921.1
   9.291     550      -59.3      920.9
   9.307     551      -59.0      920.4
   9.324     552      -59.2      920.3
   9.341     553      -59.2      920.1
   9.358     554      -59.3      919.8
   9.375     555      -59.7      920.1
   9.392     556      -59.7      919.7
   9.409     557      -59.8      919.3
   9.426     558      -60.1      919.5
   9.444     559      -60.3      919.3
   9.460     560      -60.3      919.1
   9.477     561      -60.5      919.2
   9.494     562      -60.8      919.0
   9.511     563      -61.3      919.4
   9.528     564      -61.6      919.2
   9.545     565      -61.8      919.7
   9.562     566      -61.6      919.6
   9.578     567      -61.3      919.5
   9.597     568      -61.5      919.7
   9.613     569      -61.3      920.0
   9.630     570      -61.4      919.5
   9.647     571      -61.3      919.5

[✓] Dừng. 571 frames. Log → kf_log.csv
