LS — UWB Realtime
  Anchors : ['0x1001', '0x1002', '0x1003', '0x1004']
  Height  : 1400.0 mm

Đang kết nối /dev/serial/by-id/usb-SEGGER_J-Link_000760192143-if00 @ 921600...
OK. Đang chờ dữ liệu... (Ctrl+C để dừng)

 Time(s)   Frame      X(mm)      Y(mm)
----------------------------------------
   0.001       1     6345.5     4129.7
   0.016       2     6366.1     4136.2
   0.033       3     6366.1     4204.3
   0.050       4     6372.2     4147.4
   0.068       5     6357.3     4153.7
   0.085       6     6317.4     4152.7
   0.102       7     6360.4     4118.7
   0.120       8     6392.3     4135.4
   0.138       9     6376.3     4153.7
   0.154      10     6318.7     4140.6
   0.171      11     6359.6     4093.2
   0.188      12     6359.4     4170.2
   0.205      13     6345.9     4151.4
   0.222      14     6340.0     4165.0
   0.238      15     6347.0     4195.9
   0.256      16     6342.9     4161.1
   0.272      17     6340.0     4165.0
   0.289      18     6316.6     4159.6
   0.306      19     6349.8     4143.2
   0.323      20     6365.1     4143.4
   0.340      21     6338.9     4120.9
   0.357      22     6350.5     4118.4
   0.373      23     6342.9     4152.4
   0.390      24     6356.0     4143.7
   0.407      25     6332.0     4124.3
   0.424      26     6346.3     4199.5
   0.441      27     6400.2     4242.3
   0.457      28     6361.3     4172.8
   0.473      29     6341.8     4111.3
   0.490      30     6377.4     4146.1
   0.507      31     6315.8     4129.6
   0.524      32     6327.6     4212.7
   0.542      33     6388.6     4160.7
   0.560      34     6395.0     4140.6
   0.576      35     6330.0     4125.5
   0.593      36     6326.3     4143.3
   0.610      37     6345.5     4145.9
   0.627      38     6339.7     4156.7
   0.644      39     6349.5     4125.8
   0.661      40     6339.1     4151.5
   0.678      41     6362.9     4152.4
   0.694      42     6314.7     4187.2
   0.710      43     6300.7     4104.3
   0.727      44     6324.5     4118.1
   0.744      45     6389.6     4178.9
   0.761      46     6364.6     4129.4
   0.778      47     6322.4     4163.4
   0.795      48     6308.5     4118.7
   0.812      49     6366.8     4114.6
   0.829      50     6325.0     4158.5
   0.846      51     6339.7     4190.7
   0.862      52     6377.5     4137.1
   0.879      53     6376.7     4167.8
   0.896      54     6360.6     4137.5
   0.913      55     6314.8     4127.8
   0.930      56     6352.0     4146.2
   0.947      57     6338.8     4163.8
   0.964      58     6395.3     4131.3
   0.981      59     6348.8     4116.7
   0.998      60     6331.2     4136.8
   1.014      61     6342.5     4189.9
   1.031      62     6357.0     4179.4
   1.048      63     6352.9     4199.5
   1.065      64     6340.2     4101.1
   1.082      65     6373.1     4149.1
   1.099      66     6333.1     4103.4
   1.116      67     6354.1     4097.6
   1.133      68     6338.0     4154.4
   1.150      69     6358.2     4189.7
   1.166      70     6383.3     4119.2
   1.183      71     6344.6     4107.5
   1.200      72     6332.2     4133.0
   1.217      73     6360.2     4101.5
   1.234      74     6292.9     4170.4
   1.251      75     6385.6     4187.0
   1.268      76     6344.2     4162.3
   1.285      77     6406.5     4193.7
   1.301      78     6375.3     4143.3
   1.320      79     6360.8     4140.4
   1.336      80     6346.7     4147.4
   1.353      81     6333.5     4122.4
   1.370      82     6352.3     4120.8
   1.387      83     6362.8     4143.6
   1.404      84     6324.2     4165.7
   1.421      85     6405.9     4163.2
   1.437      86     6295.9     4123.7
   1.454      87     6387.2     4207.4
   1.471      88     6388.6     4169.8
   1.488      89     6350.3     4166.0
   1.505      90     6355.9     4083.3
   1.522      91     6293.3     4145.1
   1.539      92     6356.1     4134.8
   1.556      93     6321.2     4119.3
   1.573      94     6345.3     4155.1
   1.589      95     6343.0     4134.6
   1.606      96     6330.3     4135.5
   1.623      97     6361.0     4128.3
   1.640      98     6373.3     4105.9
   1.656      99     6348.3     4086.3
   1.673     100     6352.9     4147.8
   1.690     101     6360.6     4131.9
   1.707     102     6353.1     4096.2
   1.724     103     6345.3     4198.1
   1.740     104     6330.4     4195.7
   1.757     105     6330.4     4123.3
   1.774     106     6358.5     4134.6
   1.791     107     6348.7     4181.6
   1.808     108     6369.6     4153.7
   1.825     109     6291.5     4138.5
   1.842     110     6346.1     4104.0
   1.860     111     6358.5     4143.5
   1.877     112     6352.0     4152.1
   1.893     113     6362.2     4181.3
   1.910     114     6364.4     4215.4
   1.927     115     6349.6     4087.4
   1.944     116     6328.1     4192.7
   1.961     117     6342.1     4138.5
   1.978     118     6370.0     4101.4
   1.995     119     6374.1     4116.7
   2.012     120     6327.4     4173.2
   2.028     121     6312.4     4119.8
   2.045     122     6363.8     4127.6
   2.062     123     6365.0     4108.0
   2.079     124     6279.2     4169.6
   2.096     125     6357.5     4136.0
   2.113     126     6322.7     4133.6
   2.130     127     6363.7     4247.6
   2.147     128     6368.1     4107.1
   2.163     129     6363.7     4127.7
   2.180     130     6293.8     4120.8
   2.198     131     6310.0     4134.2
   2.214     132     6346.1     4190.9
   2.231     133     6367.0     4154.3
   2.248     134     6308.9     4135.9
   2.265     135     6342.4     4185.7
   2.282     136     6402.9     4183.7
   2.299     137     6333.8     4121.9
   2.315     138     6332.0     4133.3
   2.332     139     6282.5     4174.1
   2.349     140     6322.8     4151.3
   2.366     141     6340.1     4164.9
   2.383     142     6353.4     4161.9
   2.400     143     6352.8     4121.4
   2.417     144     6359.3     4139.3
   2.434     145     6316.1     4133.2
   2.451     146     6334.8     4183.9
   2.467     147     6404.8     4173.5
   2.484     148     6324.7     4179.8
   2.501     149     6357.1     4102.3
   2.518     150     6363.9     4158.4
   2.535     151     6339.1     4206.3
   2.552     152     6347.0     4079.1
   2.569     153     6335.7     4185.4
   2.585     154     6373.2     4196.0
   2.603     155     6299.8     4184.9
   2.619     156     6347.4     4140.5
   2.637     157     6346.8     4135.5
   2.653     158     6334.7     4217.9
   2.670     159     6284.3     4181.9
   2.687     160     6334.1     4114.1
   2.705     161     6335.3     4146.3
   2.721     162     6406.8     4124.9
   2.738     163     6356.6     4217.0
   2.755     164     6310.0     4137.4
   2.772     165     6338.6     4108.1
   2.788     166     6296.1     4206.0
   2.805     167     6336.8     4157.5
   2.822     168     6395.1     4131.6
   2.839     169     6375.4     4181.6
   2.857     170     6314.6     4178.5
   2.874     171     6298.2     4126.8
   2.890     172     6348.3     4176.1
   2.907     173     6357.3     4187.8
   2.924     174     6358.3     4137.7
   2.943     175     6355.3     4159.3
   2.959     176     6309.3     4150.1
   2.976     177     6381.1     4082.3
   2.993     178     6328.8     4121.2
   3.010     179     6341.1     4123.8
   3.026     180     6396.3     4176.0
   3.043     181     6349.4     4168.7
   3.060     182     6380.1     4132.2
   3.077     183     6376.4     4196.6
   3.094     184     6372.0     4233.6
   3.111     185     6375.4     4139.9
   3.128     186     6369.2     4157.2
   3.145     187     6393.3     4116.0
   3.162     188     6363.4     4213.8
   3.178     189     6396.6     4172.5
   3.195     190     6316.5     4116.4
   3.212     191     6321.6     4132.1
   3.229     192     6337.8     4193.3
   3.246     193     6390.0     4231.8
   3.263     194     6315.6     4141.6
   3.280     195     6321.9     4097.9
   3.297     196     6327.2     4148.3
   3.313     197     6342.1     4141.7
   3.332     198     6315.2     4174.5
   3.348     199     6321.1     4101.8
   3.365     200     6354.3     4170.8
   3.382     201     6399.3     4140.7
   3.399     202     6336.9     4187.0
   3.416     203     6350.3     4170.5
   3.433     204     6401.7     4091.7
   3.449     205     6382.3     4178.3
   3.466     206     6302.9     4120.6
   3.483     207     6400.0     4190.0
   3.500     208     6349.9     4109.3
   3.517     209     6381.9     4192.0
   3.534     210     6377.0     4235.9
   3.551     211     6356.6     4148.6
   3.568     212     6334.7     4175.1
   3.585     213     6375.3     4143.3
   3.601     214     6368.3     4164.3
   3.618     215     6407.1     4146.8
   3.635     216     6279.4     4178.3
   3.652     217     6336.0     4177.1
   3.668     218     6330.0     4200.5
   3.685     219     6271.3     4199.2
   3.702     220     6261.9     4137.5
   3.718     221     6287.9     4197.9
   3.735     222     6315.0     4272.1
   3.751     223     6372.3     4130.9
   3.768     224     6375.7     4160.3
   3.785     225     6325.4     4110.7
   3.802     226     6364.5     4120.4
   3.819     227     6356.3     4174.4
   3.836     228     6339.0     4181.1
   3.853     229     6372.3     4182.5
   3.871     230     6364.0     4193.6
   3.888     231     6302.8     4197.2
   3.903     232     6376.2     4093.1
   3.920     233     6321.2     4093.2
   3.937     234     6338.9     4188.6
   3.957     235     6353.0     4181.9
   3.974     236     6311.5     4170.4
   3.991     237     6391.1     4151.7
   4.008     238     6374.4     4210.9
   4.024     239     6359.4     4208.7
   4.041     240     6416.3     4246.3
   4.058     241     6330.6     4131.8
   4.075     242     6346.4     4233.5
   4.092     243     6350.9     4110.7
   4.109     244     6359.9     4144.3
   4.126     245     6351.7     4198.2
   4.143     246     6354.9     4194.1
   4.159     247     6361.5     4176.5
   4.176     248     6340.2     4191.3
   4.193     249     6350.6     4127.3
   4.210     250     6318.8     4107.8
   4.227     251     6325.7     4181.2
   4.245     252     6354.6     4085.1
   4.261     253     6337.7     4153.4
   4.278     254     6342.0     4150.8
   4.295     255     6375.1     4112.5
   4.312     256     6391.1     4229.0
   4.330     257     6345.0     4124.7
   4.346     258     6335.7     4124.9
   4.363     259     6353.8     4140.8
   4.380     260     6387.4     4132.9
   4.397     261     6329.6     4134.6
   4.414     262     6350.9     4141.5
   4.431     263     6355.7     4147.2
   4.448     264     6337.5     4174.3
   4.464     265     6380.8     4150.7
   4.481     266     6345.8     4086.5
   4.498     267     6349.9     4131.4
   4.515     268     6347.5     4146.1
   4.532     269     6365.8     4182.4
   4.549     270     6327.0     4191.3
   4.566     271     6343.2     4100.4
   4.583     272     6367.0     4174.9
   4.599     273     6335.2     4089.4
   4.616     274     6335.8     4147.0
   4.633     275     6304.7     4135.6
   4.650     276     6355.2     4172.9
   4.667     277     6403.3     4138.3
   4.684     278     6355.2     4132.9
   4.701     279     6365.2     4186.3
   4.718     280     6347.8     4114.7
   4.735     281     6363.8     4062.7
   4.753     282     6346.2     4105.3
   4.771     283     6395.8     4179.4
   4.787     284     6375.8     4132.0
   4.804     285     6380.7     4202.5
   4.821     286     6324.3     4149.2
   4.839     287     6341.0     4206.7
   4.856     288     6320.4     4126.4
   4.873     289     6363.1     4183.2
   4.889     290     6353.1     4135.7
   4.907     291     6318.8     4159.5
   4.925     292     6328.6     4146.4
   4.941     293     6385.8     4092.0
   4.958     294     6396.1     4093.3
   4.975     295     6433.5     4160.5
   4.992     296     6366.3     4221.7
   5.009     297     6369.7     4131.1
   5.025     298     6335.0     4171.8
   5.042     299     6352.3     4142.9
   5.059     300     6363.1     4148.9
   5.076     301     6388.5     4160.9
   5.093     302     6377.9     4151.4
   5.110     303     6375.7     4157.5
   5.127     304     6356.9     4200.2
   5.144     305     6370.3     4179.4
   5.162     306     6405.9     4149.5
   5.178     307     6322.8     4133.4
   5.195     308     6330.9     4149.4
   5.212     309     6311.0     4118.5
   5.229     310     6334.6     4175.4
   5.246     311     6361.1     4145.9
   5.263     312     6341.3     4166.5
   5.278     313     6330.7     4152.4
   5.295     314     6354.4     4137.0
   5.312     315     6343.2     4160.7
   5.328     316     6348.6     4147.2
   5.345     317     6332.2     4133.0
   5.362     318     6343.5     4169.4
   5.379     319     6337.2     4157.2
   5.396     320     6341.2     4136.9
   5.412     321     6344.4     4162.3
   5.429     322     6393.1     4103.2
   5.447     323     6364.5     4086.6
   5.463     324     6368.3     4151.0
   5.480     325     6349.1     4112.9
   5.497     326     6351.6     4081.9
   5.514     327     6348.5     4141.9
   5.532     328     6309.7     4128.7
   5.548     329     6368.9     4151.8
   5.565     330     6343.3     4126.8
   5.582     331     6336.1     4207.3
   5.597     332     6357.4     4167.2
   5.614     333     6362.8     4143.6
   5.631     334     6325.5     4128.4
   5.648     335     6287.5     4051.9
   5.665     336     6375.9     4092.8
   5.682     337     6348.0     4172.2
   5.700     338     6380.4     4154.1
   5.717     339     6376.9     4141.2
   5.733     340     6400.4     4164.4
   5.750     341     6372.8     4153.7
   5.767     342     6362.9     4122.6
   5.784     343     6292.1     4132.1
   5.803     344     6327.7     4093.5
   5.819     345     6392.6     4115.2
   5.836     346     6374.5     4124.9
   5.853     347     6349.3     4146.8
   5.869     348     6330.7     4097.5
   5.885     349     6364.9     4112.7
   5.902     350     6328.6     4171.6
   5.919     351     6354.6     4136.8
   5.936     352     6426.5     4181.8
   5.954     353     6354.2     4128.5
   5.971     354     6344.5     4184.4
   5.988     355     6368.4     4121.4
   6.005     356     6325.8     4172.1
   6.022     357     6347.8     4166.5
   6.038     358     6362.9     4122.6
   6.055     359     6388.6     4160.7
   6.071     360     6278.3     4156.1
   6.088     361     6352.0     4112.2
   6.105     362     6372.3     4130.9
   6.122     363     6309.4     4205.9
   6.139     364     6387.8     4173.7
   6.157     365     6359.7     4153.3
   6.174     366     6372.0     4199.4
   6.190     367     6353.4     4101.5
   6.207     368     6341.8     4150.8
   6.224     369     6370.4     4142.1
   6.241     370     6340.0     4131.1
   6.258     371     6368.1     4164.5
   6.275     372     6353.9     4131.7
   6.292     373     6332.0     4141.9
   6.309     374     6365.4     4194.8
   6.325     375     6344.4     4141.6
   6.342     376     6326.9     4185.7
   6.360     377     6365.8     4130.6
   6.377     378     6352.0     4206.8
   6.394     379     6338.8     4155.1
   6.411     380     6367.2     4137.7
   6.428     381     6322.6     4185.4
   6.445     382     6319.9     4220.0
   6.461     383     6309.6     4214.6
   6.477     384     6382.0     4143.0
   6.494     385     6277.0     4132.8
   6.511     386     6321.2     4153.4
   6.528     387     6353.5     4076.1
   6.545     388     6351.1     4141.3
   6.563     389     6362.7     4134.7
   6.581     390     6367.0     4132.2
   6.599     391     6327.9     4070.9
   6.615     392     6364.7     4104.2
   6.632     393     6355.1     4202.6
   6.649     394     6342.3     4116.3
   6.666     395     6327.8     4156.3
   6.682     396     6343.6     4175.0
   6.699     397     6330.5     4165.8
   6.716     398     6386.8     4102.5
   6.732     399     6343.6     4191.3
   6.749     400     6333.7     4148.4
   6.767     401     6355.3     4172.8
   6.787     402     6349.6     4177.6
   6.805     403     6341.4     4124.2
   6.825     404     6343.7     4127.3
   6.845     405     6366.4     4157.6
   6.864     406     6328.0     4132.0
   6.881     407     6340.2     4130.9
   6.898     408     6390.6     4112.3
   6.916     409     6360.8     4097.4
   6.934     410     6352.4     4117.4
   6.950     411     6346.4     4147.5
   6.970     412     6329.2     4133.7
   6.987     413     6328.2     4120.4
   7.004     414     6367.6     4103.9
   7.020     415     6421.7     4210.5
   7.037     416     6362.5     4126.1
   7.057     417     6346.3     4138.6
   7.073     418     6352.1     4143.1
   7.090     419     6350.7     4179.0
   7.108     420     6387.2     4176.2
   7.125     421     6413.5     4072.7
   7.141     422     6375.1     4090.4
   7.157     423     6345.3     4168.0
   7.175     424     6345.5     4143.0
   7.192     425     6355.1     4142.1
   7.209     426     6321.5     4161.9
   7.226     427     6333.5     4139.8
   7.243     428     6382.1     4139.9
   7.259     429     6374.6     4138.1
   7.275     430     6347.5     4149.3
   7.291     431     6353.2     4113.5
   7.308     432     6370.2     4150.0
   7.325     433     6338.0     4176.6
   7.342     434     6313.8     4211.9
   7.359     435     6352.0     4134.2
   7.376     436     6322.1     4240.7
   7.395     437     6341.7     4193.9
   7.412     438     6351.9     4142.9
   7.428     439     6362.4     4108.6
   7.445     440     6358.4     4186.4
   7.462     441     6358.6     4094.5
   7.478     442     6329.2     4124.9
   7.495     443     6369.6     4140.3
   7.512     444     6385.9     4067.2
   7.529     445     6361.8     4168.4
   7.546     446     6355.1     4130.1
   7.564     447     6319.6     4171.9
   7.580     448     6369.8     4171.1
   7.600     449     6352.3     4078.6
   7.616     450     6368.2     4173.3
   7.633     451     6372.2     4139.9
   7.649     452     6366.5     4166.7
   7.666     453     6392.4     4118.9
   7.683     454     6385.5     4083.9
   7.699     455     6341.2     4166.3
   7.716     456     6357.4     4175.8
   7.733     457     6338.7     4206.9
   7.752     458     6380.0     4166.6
   7.768     459     6351.6     4177.3
   7.785     460     6367.2     4140.6
   7.803     461     6309.1     4197.3
   7.820     462     6342.9     4096.4
   7.836     463     6358.4     4146.4
   7.853     464     6350.3     4105.7
   7.871     465     6361.5     4090.7
   7.886     466     6367.6     4159.2
   7.905     467     6350.8     4176.0
   7.921     468     6321.2     4165.8
   7.938     469     6308.0     4156.4
   7.955     470     6355.8     4212.0
   7.971     471     6357.2     4124.5
   7.990     472     6348.5     4133.2
   8.007     473     6344.2     4193.4
   8.024     474     6309.9     4168.4
   8.041     475     6364.4     4107.4
   8.059     476     6315.8     4154.5
   8.076     477     6339.6     4125.6
   8.091     478     6398.5     4187.8
   8.108     479     6393.9     4107.7
   8.125     480     6320.0     4186.1
   8.142     481     6374.4     4147.4
   8.159     482     6387.0     4093.6
   8.176     483     6353.0     4122.6
   8.193     484     6324.6     4252.2
   8.211     485     6334.3     4136.1
   8.228     486     6375.7     4135.3
   8.246     487     6355.3     4147.4
   8.262     488     6387.4     4132.9
   8.280     489     6370.2     4119.1
   8.296     490     6373.1     4149.1
   8.313     491     6350.8     4162.5
   8.331     492     6327.8     4122.6
   8.349     493     6349.2     4124.9
   8.365     494     6344.3     4162.2
   8.382     495     6327.7     4161.0
   8.399     496     6325.8     4189.7
   8.416     497     6321.3     4178.4
   8.433     498     6344.4     4128.2
   8.449     499     6325.1     4136.5
   8.466     500     6331.7     4201.4
   8.483     501     6316.3     4133.0
   8.499     502     6368.8     4160.8
   8.516     503     6386.0     4192.6
   8.533     504     6384.2     4176.8
   8.550     505     6350.8     4176.0
   8.567     506     6354.3     4081.2
   8.584     507     6284.6     4074.5
   8.601     508     6341.1     4157.9
   8.618     509     6380.6     4141.9
   8.635     510     6327.4     4148.0
   8.651     511     6349.4     4186.5
   8.668     512     6319.7     4124.5
   8.685     513     6339.9     4104.8
   8.702     514     6359.5     4148.0
   8.719     515     6367.2     4140.6
   8.736     516     6344.4     4170.9
   8.751     517     6341.8     4171.6
   8.769     518     6333.7     4139.6
   8.785     519     6382.4     4166.2
   8.801     520     6366.8     4141.1
   8.818     521     6348.3     4176.1
   8.835     522     6352.7     4173.4
   8.852     523     6340.2     4130.9
   8.869     524     6340.2     4191.3
   8.886     525     6348.7     4150.5
   8.903     526     6379.0     4164.7
   8.920     527     6348.1     4120.4
   8.937     528     6342.5     4156.0
   8.953     529     6345.0     4103.7
   8.970     530     6346.8     4122.2
   8.987     531     6422.4     4106.8
   9.004     532     6347.8     4175.4
   9.021     533     6359.9     4135.6
   9.038     534     6363.3     4205.3
   9.056     535     6381.1     4181.4
   9.073     536     6333.7     4109.8
   9.089     537     6368.2     4124.6
   9.108     538     6345.9     4151.4
   9.124     539     6275.1     4177.9
   9.143     540     6333.2     4091.2
   9.159     541     6406.6     4150.3
   9.176     542     6327.9     4110.3
   9.193     543     6324.7     4106.1
   9.210     544     6314.9     4152.8
   9.226     545     6336.3     4181.9
   9.245     546     6351.4     4210.4
   9.261     547     6328.8     4162.4
   9.278     548     6358.1     4129.4
   9.295     549     6381.7     4220.7
   9.312     550     6341.6     4129.1
   9.329     551     6336.2     4155.3
   9.346     552     6341.4     4154.2
   9.362     553     6389.7     4119.4
   9.379     554     6377.4     4181.6
   9.396     555     6323.8     4166.2
   9.413     556     6383.9     4232.6
   9.430     557     6300.8     4086.5
   9.447     558     6330.9     4152.9
   9.464     559     6354.1     4201.1
   9.482     560     6361.5     4194.1
   9.498     561     6383.1     4150.1
   9.514     562     6348.4     4068.4
   9.531     563     6335.3     4119.9
   9.548     564     6342.3     4116.3
   9.565     565     6326.6     4112.3
   9.582     566     6335.0     4149.8
   9.599     567     6324.6     4148.9
   9.616     568     6347.7     4146.0
   9.633     569     6255.4     4195.0
   9.649     570     6258.6     4130.1
   9.667     571     6309.6     4038.2
   9.683     572     6321.0     4190.4
   9.700     573     6380.3     4129.1
   9.719     574     6344.3     4071.3
   9.738     575     6338.2     4045.9
   9.756     576     6357.6     4115.0
   9.774     577     6357.4     4133.1
   9.790     578     6354.9     4142.3

[✓] Dừng. 578 frames. Log → ls_log.csv
