Standard EKF — UWB Realtime
  Q=0.01 mm²   R=300.0 mm²
  Anchors : ['0x1001', '0x1002', '0x1003', '0x1004']
  Height  : 1400.0 mm

Đang kết nối /dev/serial/by-id/usb-SEGGER_J-Link_000760192143-if00 @ 921600...
OK. Đang chờ dữ liệu... (Ctrl+C để dừng)

 Time(s)   Frame      X(mm)      Y(mm)
----------------------------------------
[EKF] init  x=-221.6  y=4306.7
   0.002       1     -172.3     4062.9
   0.019       2     -176.6     4051.4
   0.035       3     -173.0     4043.1
   0.051       4     -163.5     4036.0
   0.067       5     -163.2     4042.5
   0.085       6     -166.1     4043.4
   0.103       7     -161.6     4050.1
   0.121       8     -156.7     4054.8
   0.137       9     -153.4     4054.3
   0.154      10     -152.6     4055.9
   0.171      11     -153.1     4058.1
   0.188      12     -153.2     4057.2
   0.204      13     -151.4     4056.6
   0.221      14     -147.8     4055.2
   0.240      15     -147.5     4056.9
   0.256      16     -147.5     4057.9
   0.275      17     -147.2     4058.0
   0.291      18     -150.6     4057.2
   0.309      19     -153.7     4055.2
   0.327      20     -155.4     4054.5
   0.345      21     -157.7     4055.1
   0.363      22     -158.7     4056.6
   0.379      23     -159.5     4056.2
   0.396      24     -162.4     4056.0
   0.414      25     -163.1     4054.9
   0.430      26     -162.7     4053.5
   0.447      27     -164.8     4053.2
   0.464      28     -164.9     4053.4
   0.481      29     -164.3     4053.0
   0.498      30     -163.7     4053.0
   0.515      31     -164.6     4052.4
   0.532      32     -163.9     4052.9
   0.549      33     -163.8     4053.5
   0.565      34     -163.1     4055.5
   0.582      35     -162.8     4055.4
   0.599      36     -162.4     4055.3
   0.616      37     -161.9     4055.0
   0.636      38     -161.6     4055.6
   0.652      39     -161.6     4055.2
   0.668      40     -161.4     4055.1
   0.686      41     -160.2     4055.0
   0.701      42     -159.7     4055.4
   0.718      43     -160.0     4055.1
   0.737      44     -159.9     4054.9
   0.755      45     -161.1     4053.5
   0.771      46     -160.3     4053.6
   0.788      47     -159.9     4053.3
   0.805      48     -160.4     4053.0
   0.821      49     -160.4     4052.6
   0.840      50     -160.8     4051.2
   0.856      51     -160.4     4051.0
   0.875      52     -160.0     4051.3
   0.892      53     -160.2     4051.7
   0.908      54     -160.2     4051.3
   0.925      55     -159.5     4051.3
   0.942      56     -159.3     4051.4
   0.960      57     -160.2     4051.0
   0.978      58     -160.4     4050.4
   0.994      59     -161.5     4050.9
   1.011      60     -161.7     4051.2
   1.028      61     -162.1     4051.2
   1.045      62     -161.6     4051.8
   1.062      63     -161.4     4051.3
   1.078      64     -162.5     4051.2
   1.095      65     -162.7     4050.9
   1.112      66     -163.3     4050.7
   1.130      67     -164.4     4050.2
   1.146      68     -164.2     4050.5
   1.163      69     -164.5     4050.5
   1.180      70     -165.1     4049.8
   1.197      71     -165.5     4049.8
   1.214      72     -166.1     4049.1
   1.230      73     -166.7     4048.7
   1.247      74     -167.2     4049.0
   1.264      75     -167.5     4048.8
   1.281      76     -167.3     4049.0
   1.298      77     -167.2     4048.5
   1.315      78     -167.9     4048.5
   1.332      79     -167.9     4049.1
   1.349      80     -167.7     4049.6
   1.365      81     -168.0     4049.6
   1.382      82     -168.1     4049.8
   1.399      83     -168.2     4050.0
   1.416      84     -168.1     4050.0
   1.433      85     -168.1     4049.8
   1.450      86     -168.1     4049.7
   1.467      87     -168.2     4049.5
   1.485      88     -168.0     4049.7
   1.501      89     -168.3     4049.9
   1.520      90     -168.6     4049.6
   1.536      91     -168.8     4049.3
   1.553      92     -169.1     4049.0
   1.570      93     -169.2     4048.9
   1.587      94     -168.7     4048.7
   1.604      95     -168.6     4048.9
   1.621      96     -168.9     4049.2
   1.639      97     -169.0     4049.4
   1.655      98     -169.1     4049.6
   1.672      99     -169.4     4049.4
   1.688     100     -169.3     4049.7
   1.705     101     -169.4     4050.0
   1.722     102     -169.1     4050.4
   1.739     103     -169.4     4050.6
   1.756     104     -169.3     4050.7
   1.772     105     -169.7     4050.4
   1.789     106     -170.1     4050.5
   1.808     107     -170.3     4050.4
   1.824     108     -170.9     4050.4
   1.841     109     -171.0     4050.6
   1.858     110     -171.0     4050.3
   1.875     111     -171.2     4050.2
   1.892     112     -171.1     4050.0
   1.908     113     -171.5     4049.8
   1.925     114     -171.6     4050.4
   1.942     115     -172.0     4050.1
   1.959     116     -172.5     4050.4
   1.976     117     -172.9     4050.6
   1.993     118     -172.9     4050.1
   2.010     119     -173.2     4050.3
   2.027     120     -172.8     4050.5
   2.043     121     -173.0     4050.6
   2.060     122     -172.6     4050.6
   2.077     123     -173.1     4050.3
   2.094     124     -172.8     4050.5
   2.110     125     -172.6     4050.3
   2.127     126     -172.6     4050.1
   2.145     127     -172.8     4050.2
   2.162     128     -172.4     4050.2
   2.179     129     -172.6     4050.0
   2.195     130     -172.8     4049.7
   2.212     131     -172.9     4049.6
   2.229     132     -172.7     4049.4
   2.246     133     -172.6     4049.8
   2.262     134     -172.4     4049.9
   2.279     135     -172.5     4049.7
   2.296     136     -172.4     4049.7
   2.313     137     -172.7     4049.7
   2.329     138     -172.7     4049.6
   2.348     139     -172.5     4049.9
   2.364     140     -172.4     4049.8
   2.381     141     -172.0     4049.8
   2.398     142     -171.9     4049.5
   2.415     143     -171.9     4049.4
   2.432     144     -171.9     4049.6
   2.449     145     -172.1     4049.1
   2.465     146     -172.1     4049.1
   2.482     147     -172.2     4048.7
   2.499     148     -172.1     4048.8
   2.516     149     -171.8     4048.8
   2.533     150     -171.4     4048.4
   2.550     151     -171.8     4048.3
   2.568     152     -171.7     4048.4
   2.585     153     -171.8     4047.8
   2.601     154     -171.7     4047.7
   2.618     155     -172.1     4047.4
   2.637     156     -172.0     4047.3
   2.653     157     -171.8     4047.3
   2.670     158     -171.6     4047.2
   2.687     159     -171.5     4047.2
   2.704     160     -171.2     4047.4
   2.721     161     -170.9     4047.5
   2.737     162     -170.8     4047.1
   2.754     163     -170.3     4047.3
   2.771     164     -170.2     4047.4
   2.788     165     -169.8     4047.7
   2.805     166     -169.8     4047.8
   2.821     167     -170.2     4047.9
   2.839     168     -170.2     4048.0
   2.856     169     -170.1     4048.3
   2.873     170     -169.7     4048.2
   2.889     171     -169.8     4048.1
   2.906     172     -169.6     4048.1
   2.923     173     -169.4     4048.2
   2.940     174     -169.2     4048.3
   2.960     175     -169.1     4048.0
   2.977     176     -168.8     4047.9
   2.993     177     -169.2     4047.5
   3.010     178     -169.2     4047.3
   3.027     179     -168.9     4047.6
   3.044     180     -169.1     4047.6
   3.061     181     -168.9     4047.5
   3.078     182     -168.6     4047.6
   3.095     183     -168.2     4047.8
   3.111     184     -168.1     4047.8
   3.129     185     -168.2     4047.6
   3.145     186     -168.5     4047.3
   3.162     187     -168.0     4047.4
   3.179     188     -167.5     4047.6
   3.196     189     -167.5     4047.6
   3.213     190     -167.1     4047.7
   3.230     191     -166.9     4047.7
   3.247     192     -166.7     4048.3
   3.264     193     -166.4     4048.4
   3.280     194     -166.0     4048.3
   3.297     195     -166.2     4048.3
   3.314     196     -166.1     4048.3
   3.331     197     -166.1     4048.4
   3.348     198     -165.7     4048.4
   3.365     199     -165.3     4048.3
   3.382     200     -165.2     4048.4
   3.399     201     -164.9     4048.7
   3.416     202     -164.6     4048.9
   3.432     203     -165.0     4048.7
   3.449     204     -165.1     4048.6
   3.466     205     -165.1     4048.8
   3.483     206     -164.8     4048.9
   3.500     207     -164.8     4048.8
   3.517     208     -164.7     4048.8
   3.534     209     -164.4     4049.2
   3.551     210     -164.2     4049.1
   3.567     211     -164.3     4049.3
   3.584     212     -164.7     4048.9
   3.601     213     -164.8     4048.7
   3.620     214     -164.9     4048.6
   3.636     215     -164.7     4048.8
   3.653     216     -164.5     4048.7
   3.670     217     -164.6     4048.8
   3.687     218     -164.3     4048.7
   3.703     219     -164.2     4048.8
   3.720     220     -164.2     4049.1
   3.737     221     -164.1     4049.3
   3.754     222     -163.9     4049.2
   3.771     223     -163.8     4049.2
   3.788     224     -163.8     4049.3
   3.805     225     -163.5     4049.3
   3.822     226     -163.2     4049.3
   3.840     227     -162.8     4049.1
   3.856     228     -162.8     4049.2
   3.873     229     -162.8     4049.0
   3.890     230     -162.9     4049.0
   3.907     231     -162.8     4049.2
   3.924     232     -162.6     4049.3
   3.941     233     -162.5     4049.1
   3.958     234     -162.4     4049.1
   3.975     235     -162.0     4049.0
   3.991     236     -161.9     4049.1
   4.008     237     -162.2     4049.2
   4.025     238     -162.0     4049.5
   4.042     239     -162.1     4049.4
   4.059     240     -162.1     4049.7
   4.076     241     -162.0     4049.9
   4.093     242     -162.4     4049.8
   4.110     243     -162.5     4049.5
   4.126     244     -162.3     4049.5
   4.143     245     -162.3     4049.5
   4.160     246     -162.0     4049.6
   4.177     247     -161.9     4049.5
   4.194     248     -161.7     4049.8
   4.211     249     -161.6     4049.8
   4.228     250     -162.0     4049.6
   4.245     251     -161.8     4049.7
   4.263     252     -161.9     4049.6
   4.279     253     -162.3     4049.4
   4.296     254     -162.4     4049.5
   4.313     255     -162.3     4049.5
   4.330     256     -162.5     4049.6
   4.347     257     -162.2     4049.6
   4.364     258     -162.0     4049.8
   4.381     259     -161.7     4049.9
   4.399     260     -161.7     4049.8
   4.415     261     -161.6     4049.9
   4.431     262     -161.4     4050.0
   4.448     263     -161.1     4050.0
   4.465     264     -160.8     4050.1
   4.482     265     -160.7     4050.4
   4.499     266     -160.7     4050.4
   4.516     267     -160.5     4050.6
   4.533     268     -160.2     4050.6
   4.549     269     -160.1     4050.5
   4.566     270     -160.1     4050.7
   4.583     271     -159.7     4050.8
   4.600     272     -159.4     4050.9
   4.617     273     -159.4     4050.7
   4.634     274     -159.0     4050.9
   4.651     275     -159.0     4050.7
   4.668     276     -159.0     4050.4
   4.684     277     -159.1     4050.4
   4.701     278     -159.1     4050.4
   4.718     279     -159.3     4050.3
   4.737     280     -159.5     4050.2
   4.754     281     -159.2     4050.1
   4.771     282     -159.7     4050.2
   4.788     283     -159.7     4050.3
   4.805     284     -159.6     4050.3
   4.821     285     -159.7     4050.1
   4.838     286     -159.6     4050.2
   4.855     287     -159.1     4050.3
   4.872     288     -159.1     4050.4
   4.889     289     -159.0     4050.6
   4.906     290     -158.9     4050.7
   4.923     291     -158.9     4051.0
   4.940     292     -158.9     4051.0
   4.957     293     -159.0     4051.0
   4.973     294     -158.9     4051.2
   4.990     295     -158.6     4051.2
   5.007     296     -158.3     4051.4
   5.024     297     -158.0     4051.2
   5.041     298     -158.1     4051.2
   5.058     299     -158.4     4051.5
   5.075     300     -158.3     4051.5
   5.092     301     -158.3     4051.9
   5.108     302     -158.1     4052.1
   5.125     303     -158.1     4052.0
   5.142     304     -157.8     4052.1
   5.159     305     -157.7     4052.2
   5.176     306     -157.6     4052.0
   5.193     307     -157.6     4051.8
   5.210     308     -157.8     4051.8
   5.227     309     -158.0     4051.7
   5.243     310     -157.9     4051.6
   5.260     311     -157.8     4051.5
   5.277     312     -158.0     4051.6
   5.294     313     -157.7     4051.6
   5.311     314     -157.6     4051.8
   5.328     315     -157.8     4052.0
   5.345     316     -157.5     4052.0
   5.362     317     -157.5     4051.9
   5.378     318     -157.6     4052.1
   5.394     319     -157.4     4052.0
   5.411     320     -157.5     4051.9
   5.428     321     -157.5     4052.0
   5.445     322     -157.6     4052.1
   5.462     323     -158.0     4051.9
   5.479     324     -157.9     4051.9
   5.496     325     -157.7     4052.1
   5.513     326     -158.0     4052.1
   5.529     327     -158.0     4052.2
   5.546     328     -157.9     4052.3
   5.562     329     -158.1     4052.4
   5.579     330     -158.0     4052.5
   5.596     331     -158.0     4052.6
   5.613     332     -158.2     4052.7
   5.630     333     -158.3     4052.5
   5.647     334     -158.2     4052.5
   5.664     335     -158.0     4052.5
   5.680     336     -158.1     4052.7
   5.696     337     -158.1     4052.5
   5.713     338     -158.1     4052.4
   5.730     339     -158.1     4052.5
   5.747     340     -157.6     4052.5
   5.764     341     -157.6     4052.4
   5.781     342     -157.7     4052.5
   5.798     343     -157.6     4052.7
   5.815     344     -157.5     4052.5
   5.831     345     -157.8     4052.3
   5.850     346     -157.9     4052.4
   5.866     347     -157.8     4052.7
   5.883     348     -158.2     4052.6
   5.900     349     -158.1     4052.6
   5.917     350     -158.0     4052.7
   5.934     351     -158.0     4052.7
   5.951     352     -158.2     4052.6
   5.969     353     -158.4     4052.8
   5.985     354     -157.9     4052.6
   6.002     355     -157.8     4052.2
   6.019     356     -157.7     4052.3
   6.037     357     -157.5     4052.2
   6.054     358     -157.4     4052.0
   6.071     359     -157.8     4052.2
   6.089     360     -158.0     4052.6
   6.105     361     -158.0     4052.8
   6.122     362     -157.9     4052.8
   6.139     363     -157.7     4052.9
   6.155     364     -157.6     4052.9
   6.172     365     -157.8     4052.8
   6.189     366     -157.7     4052.7
   6.206     367     -157.5     4052.6
   6.223     368     -157.7     4052.5
   6.239     369     -157.5     4052.5
   6.256     370     -157.4     4052.6
   6.273     371     -157.3     4052.8
   6.290     372     -157.3     4052.8
   6.307     373     -157.4     4052.6
   6.324     374     -157.1     4052.8
   6.342     375     -156.9     4052.7
   6.359     376     -157.2     4052.8
   6.375     377     -156.9     4052.7
   6.392     378     -156.7     4052.6
   6.409     379     -156.8     4052.6
   6.426     380     -156.7     4052.5
   6.444     381     -156.7     4052.5
   6.464     382     -156.7     4052.3
   6.480     383     -156.5     4052.2
   6.495     384     -156.6     4052.4
   6.517     385     -156.7     4052.4
   6.533     386     -156.6     4052.4
   6.550     387     -156.7     4052.4
   6.567     388     -156.5     4052.3
   6.584     389     -156.5     4052.2
   6.600     390     -156.3     4052.5
   6.617     391     -155.9     4052.6
   6.635     392     -155.8     4052.6
   6.651     393     -155.9     4052.6
   6.668     394     -156.1     4053.0
   6.685     395     -156.1     4053.0
   6.702     396     -156.1     4052.7
   6.719     397     -156.1     4052.8
   6.735     398     -156.1     4052.7
   6.753     399     -155.9     4052.5
   6.769     400     -156.0     4052.6
   6.787     401     -155.7     4052.6
   6.803     402     -155.7     4052.7
   6.821     403     -155.9     4052.8
   6.837     404     -155.9     4052.8
   6.855     405     -155.8     4052.7
   6.871     406     -155.8     4052.7
   6.888     407     -155.6     4052.8
   6.905     408     -155.3     4052.9
   6.922     409     -155.2     4052.9
   6.939     410     -154.8     4053.1
   6.956     411     -154.8     4053.0
   6.972     412     -154.4     4053.0
   6.989     413     -154.7     4052.9
   7.006     414     -154.7     4053.1
   7.022     415     -154.5     4053.3
   7.040     416     -154.5     4053.3
   7.057     417     -154.5     4053.4
   7.074     418     -154.3     4053.5
   7.091     419     -154.6     4053.7
   7.107     420     -154.7     4053.6
   7.124     421     -154.9     4053.7
   7.141     422     -155.4     4053.7
   7.158     423     -155.6     4053.8
   7.174     424     -155.5     4053.7
   7.191     425     -155.4     4053.6
   7.208     426     -155.2     4053.6
   7.225     427     -155.0     4053.4
   7.244     428     -154.6     4053.6
   7.261     429     -154.6     4053.6
   7.278     430     -154.7     4053.5
   7.295     431     -154.5     4053.4
   7.311     432     -154.4     4053.4
   7.328     433     -154.4     4053.3
   7.344     434     -154.2     4053.4
   7.362     435     -154.3     4053.4
   7.378     436     -154.4     4053.6
   7.395     437     -154.5     4053.7
   7.412     438     -154.6     4053.5
   7.429     439     -154.6     4053.7
   7.446     440     -154.6     4053.7
   7.462     441     -154.5     4053.7
   7.481     442     -154.5     4053.6
   7.497     443     -154.2     4053.7
   7.514     444     -154.3     4053.6
   7.533     445     -154.4     4053.4
   7.549     446     -154.4     4053.2
   7.566     447     -154.0     4053.2
   7.582     448     -153.8     4053.2
   7.599     449     -153.8     4053.1
   7.616     450     -153.9     4053.2
   7.633     451     -153.9     4053.3
   7.653     452     -153.9     4053.3
   7.670     453     -153.7     4053.4
   7.687     454     -153.5     4053.8
   7.703     455     -153.4     4053.6
   7.720     456     -153.3     4053.4
   7.737     457     -153.2     4053.3
   7.754     458     -152.9     4053.3
   7.771     459     -152.9     4053.5
   7.789     460     -153.0     4053.7
   7.806     461     -152.9     4053.7
   7.823     462     -152.8     4053.6
   7.839     463     -152.9     4053.5
   7.856     464     -152.8     4053.6
   7.873     465     -153.0     4053.6
   7.890     466     -153.0     4053.8
   7.909     467     -153.1     4053.6
   7.926     468     -153.3     4053.4
   7.943     469     -153.4     4053.1
   7.959     470     -153.2     4052.9
   7.976     471     -153.2     4053.0
   7.993     472     -153.2     4052.7
   8.010     473     -153.1     4052.6
   8.027     474     -152.9     4052.7
   8.044     475     -152.7     4052.9
   8.061     476     -152.8     4053.1
   8.078     477     -152.6     4053.1
   8.095     478     -152.5     4053.1
   8.111     479     -152.5     4053.2
   8.128     480     -152.6     4053.3
   8.147     481     -153.0     4053.1
   8.163     482     -153.0     4052.9
   8.182     483     -153.1     4053.1
   8.198     484     -153.1     4053.3
   8.214     485     -153.0     4053.3
   8.231     486     -153.1     4053.0
   8.247     487     -153.2     4052.8
   8.264     488     -153.1     4052.5
   8.281     489     -153.1     4052.4
   8.297     490     -153.3     4052.6
   8.314     491     -153.6     4052.5
   8.331     492     -153.7     4052.5
   8.348     493     -153.9     4052.7
   8.366     494     -153.8     4052.8
   8.383     495     -154.3     4052.8
   8.400     496     -154.4     4052.7
   8.417     497     -154.7     4052.7
   8.433     498     -154.6     4052.9
   8.450     499     -154.5     4052.6
   8.469     500     -154.4     4052.5
   8.484     501     -154.2     4052.8
   8.501     502     -154.4     4052.8
   8.519     503     -154.6     4052.9
   8.535     504     -154.8     4053.4
   8.551     505     -154.8     4053.4
   8.568     506     -154.6     4053.5
   8.585     507     -154.5     4053.6
   8.602     508     -154.5     4053.5
   8.619     509     -154.2     4053.6
   8.636     510     -154.5     4053.4
   8.652     511     -154.9     4053.3
   8.669     512     -155.0     4053.4
   8.688     513     -154.7     4053.6
   8.704     514     -154.3     4053.7
   8.721     515     -154.5     4053.5
   8.738     516     -154.6     4053.4
   8.755     517     -154.5     4053.2
   8.772     518     -154.5     4053.2
   8.789     519     -154.7     4053.3
   8.805     520     -154.5     4053.0
   8.822     521     -154.8     4053.0
   8.839     522     -154.6     4052.7
   8.856     523     -154.7     4052.7
   8.872     524     -154.4     4052.9
   8.889     525     -154.5     4052.7
   8.905     526     -154.4     4052.7
   8.923     527     -154.3     4052.6
   8.941     528     -154.1     4052.5
   8.957     529     -153.9     4052.5
   8.976     530     -154.0     4052.4
   8.992     531     -154.5     4052.6
   9.010     532     -154.5     4052.7
   9.027     533     -154.4     4052.6
   9.044     534     -154.2     4052.7
   9.062     535     -154.3     4052.7
   9.079     536     -154.2     4052.7
   9.094     537     -154.1     4052.7
   9.111     538     -154.5     4052.5
   9.128     539     -154.6     4052.5
   9.145     540     -154.3     4052.5
   9.162     541     -154.0     4052.4
   9.179     542     -153.9     4052.4
   9.196     543     -153.6     4052.3
   9.214     544     -153.8     4052.2
   9.229     545     -153.9     4052.1
   9.247     546     -154.1     4051.9
   9.265     547     -154.0     4051.8
   9.281     548     -154.1     4051.4
   9.297     549     -154.1     4051.8
   9.314     550     -154.0     4051.5
   9.331     551     -153.8     4051.6
   9.348     552     -153.7     4051.6
   9.364     553     -153.6     4051.6
   9.381     554     -153.8     4051.7
   9.400     555     -153.8     4052.0
   9.416     556     -153.9     4052.0
   9.433     557     -153.8     4052.0
   9.450     558     -153.6     4052.0
   9.467     559     -153.4     4051.9
   9.484     560     -153.4     4052.0
   9.501     561     -153.4     4052.0
   9.519     562     -153.7     4052.2
   9.535     563     -153.9     4052.2
   9.552     564     -154.1     4052.1
   9.569     565     -153.9     4052.3
   9.586     566     -153.7     4052.2
   9.603     567     -154.0     4052.0

[✓] Dừng. 567 frames. Log → realtime_log.csv
