KF — UWB Realtime
  Q=0.01 mm²   R=50.0 mm²
  Anchors : ['0x1001', '0x1002', '0x1003', '0x1004']
  Height  : 1400.0 mm

Đang kết nối /dev/serial/by-id/usb-SEGGER_J-Link_000760192143-if00 @ 921600...
OK. Đang chờ dữ liệu... (Ctrl+C để dừng)

[ROBOT] Đã kết nối STM32 @ /dev/serial/by-id/usb-STMicroelectronics_BLUEPILL_F103C8_CDC_in_FS_Mode_498E169E3634-if00. Điều khiển xe bắt đầu.
 Time(s)   Frame      X(mm)      Y(mm)
----------------------------------------
[KF] init  x=126.1  y=4294.5
   0.002       1      177.5     4084.1
   0.005       2      164.4     4079.4
   0.008       3      160.4     4037.0
   0.011       4      157.7     4042.8
   0.014       5      159.0     4042.8
   0.016       6      149.7     4046.3
   0.019       7      143.4     4046.4
   0.022       8      143.8     4040.6
   0.025       9      144.9     4042.4
   0.028      10      146.0     4042.3
   0.031      11      147.0     4043.2
   0.034      12      146.9     4040.7
   0.036      13      144.9     4038.7
   0.039      14      142.3     4031.5
   0.042      15      144.7     4030.8
   0.045      16      144.5     4033.1
   0.048      17      143.4     4032.6
   0.051      18      144.6     4033.6
   0.053      19      148.0     4032.7
   0.056      20      146.7     4031.2
   0.059      21      147.9     4031.4
   0.062      22      147.4     4031.0
   0.065      23      146.0     4030.6
   0.067      24      146.1     4031.5
   0.070      25      145.4     4031.8
   0.073      26      146.3     4030.8
   0.076      27      144.6     4030.2
   0.078      28      143.9     4031.5
   0.081      29      143.6     4032.8
   0.084      30      144.4     4033.8
   0.087      31      145.3     4034.1
   0.090      32      145.2     4034.7
   0.092      33      144.6     4034.2
   0.095      34      145.4     4034.8
   0.098      35      146.0     4035.2
   0.101      36      145.6     4035.7
   0.103      37      146.5     4037.3
   0.106      38      146.8     4037.1
   0.109      39      147.1     4037.6
   0.112      40      147.3     4036.2
   0.115      41      147.0     4034.6
   0.117      42      146.5     4034.4
   0.120      43      146.9     4033.3
   0.123      44      147.3     4032.2
   0.126      45      147.3     4032.7
   0.129      46      148.0     4032.8
   0.131      47      148.8     4031.9
   0.134      48      148.7     4032.8
   0.137      49      149.2     4032.7
   0.140      50      149.7     4032.2
   0.142      51      149.8     4033.1
   0.145      52      150.0     4032.1
   0.148      53      149.3     4031.9
   0.151      54      149.5     4031.6
   0.154      55      149.7     4032.6
   0.156      56      149.5     4033.0
   0.159      57      150.6     4032.5
   0.162      58      150.7     4032.7
   0.165      59      150.7     4032.2
   0.167      60      150.9     4031.1
   0.170      61      150.9     4031.8
   0.173      62      150.8     4030.6
   0.176      63      150.8     4030.2
   0.179      64      150.7     4030.3
   0.181      65      150.8     4030.3
   0.185      66      151.1     4030.9
   0.193      67      151.8     4031.0
   0.210      68      151.7     4031.0
   0.227      69      152.1     4030.2
   0.244      70      152.2     4029.1
   0.261      71      152.6     4027.5
   0.278      72      153.2     4026.9
   0.295      73      153.4     4026.0
   0.311      74      154.0     4024.4
   0.328      75      154.4     4023.2
   0.345      76      153.5     4021.9
   0.364      77      153.0     4019.4
   0.380      78      152.9     4018.5
   0.397      79      154.0     4017.1
   0.414      80      153.6     4016.2
   0.431      81      154.0     4014.9
   0.449      82      154.3     4013.9
   0.465      83      154.8     4013.3
   0.482      84      156.3     4012.7
   0.499      85      157.9     4012.2
   0.516      86      158.3     4012.5
   0.533      87      159.5     4013.0
   0.550      88      159.8     4013.3
   0.567      89      160.0     4013.5
   0.583      90      160.9     4014.8
   0.600      91      162.1     4015.8
   0.617      92      163.1     4015.7
   0.634      93      163.6     4016.2
   0.651      94      164.7     4017.0
   0.668      95      165.5     4017.1
   0.685      96      166.9     4017.5
   0.702      97      167.1     4018.6
   0.718      98      168.6     4018.3
   0.734      99      170.3     4018.9
   0.751     100      171.5     4018.2
   0.768     101      172.8     4018.5
   0.785     102      172.9     4017.7
   0.802     103      174.3     4017.1
   0.819     104      175.9     4017.0
   0.836     105      177.0     4017.6
   0.852     106      178.3     4017.7
   0.869     107      179.6     4018.4
   0.886     108      181.1     4017.7
   0.903     109      181.8     4018.2
   0.920     110      183.0     4020.3
   0.937     111      184.6     4020.1
   0.954     112      185.8     4020.0
   0.971     113      187.8     4020.5
   0.987     114      189.6     4020.3
   1.004     115      191.1     4020.4
   1.021     116      193.0     4021.5
   1.038     117      194.9     4022.1
   1.055     118      196.0     4022.3
   1.072     119      197.7     4023.6
   1.089     120      199.7     4023.6
   1.106     121      201.7     4025.5
   1.123     122      203.5     4026.2
   1.139     123      206.1     4027.0
   1.156     124      208.1     4027.7
   1.173     125      209.4     4029.5
   1.190     126      211.6     4030.7
   1.207     127      213.7     4031.7
   1.224     128      216.4     4032.4
   1.241     129      217.7     4032.9
   1.258     130      220.1     4033.8
   1.274     131      222.3     4034.0
   1.291     132      224.5     4032.8
   1.308     133      226.9     4033.2
   1.325     134      228.5     4032.2
   1.342     135      230.4     4031.9
   1.359     136      232.4     4030.6
   1.376     137      234.6     4028.7
   1.392     138      237.1     4027.5
   1.408     139      239.3     4025.0
   1.425     140      241.3     4021.9
   1.442     141      243.1     4020.9
   1.459     142      245.6     4019.6
   1.476     143      247.5     4018.5
   1.493     144      250.0     4017.0
   1.510     145      252.4     4017.7
   1.527     146      255.3     4017.6
   1.543     147      258.2     4018.1
   1.560     148      260.5     4018.9
   1.577     149      263.7     4018.9
   1.594     150      266.2     4019.7
   1.611     151      269.0     4020.0
   1.628     152      271.3     4020.5
   1.645     153      273.4     4020.4
   1.662     154      276.0     4021.3
   1.679     155      279.2     4022.0
   1.695     156      280.8     4022.6
   1.712     157      283.4     4024.1
   1.729     158      285.6     4024.6
   1.746     159      288.8     4024.4
   1.763     160      291.5     4024.0
   1.780     161      294.3     4024.4
   1.797     162      296.7     4024.3
   1.814     163      298.8     4024.7
   1.830     164      301.0     4025.3
   1.847     165      302.7     4026.4
   1.864     166      305.4     4026.5
   1.883     167      307.7     4026.0
   1.899     168      309.6     4026.4
   1.916     169      312.1     4026.5
   1.933     170      314.3     4025.4
   1.950     171      316.2     4024.1
   1.966     172      318.9     4022.2
   1.983     173      321.6     4021.2
   2.000     174      323.8     4020.2
   2.017     175      325.5     4019.8
   2.034     176      326.7     4018.6
   2.051     177      328.6     4018.4
   2.068     178      331.3     4017.3
   2.085     179      333.7     4017.1
   2.101     180      335.3     4017.1
   2.118     181      337.6     4017.1
   2.135     182      339.3     4016.3
   2.152     183      341.2     4016.3
   2.169     184      343.8     4015.9
   2.186     185      345.8     4016.7
   2.203     186      347.4     4017.3
   2.220     187      349.6     4016.8
   2.236     188      351.6     4017.1
   2.253     189      353.5     4017.6
   2.270     190      355.7     4018.2
   2.287     191      357.5     4019.0
   2.304     192      359.5     4019.8
   2.321     193      361.7     4020.7
   2.338     194      363.9     4020.6
   2.355     195      366.6     4021.4
   2.371     196      369.0     4022.6
   2.388     197      371.6     4022.4
   2.405     198      373.8     4022.1
   2.422     199      375.9     4022.5
   2.441     200      378.5     4022.2
   2.457     201      381.1     4022.9
   2.474     202      384.2     4022.8
   2.491     203      386.9     4023.0
   2.507     204      389.7     4023.0
   2.524     205      391.1     4024.0
   2.541     206      393.1     4025.1
   2.558     207      395.2     4026.7
   2.575     208      395.8     4028.4
   2.592     209      396.9     4030.1
   2.609     210      398.6     4031.4
   2.626     211      399.8     4032.1
   2.642     212      401.8     4032.5
   2.659     213      403.8     4032.9
   2.676     214      406.8     4032.7
   2.693     215      409.8     4032.9
   2.710     216      412.4     4033.6
   2.727     217      414.8     4035.2
   2.744     218      417.1     4035.3
   2.760     219      418.9     4035.4
   2.778     220      422.0     4036.1
   2.795     221      425.2     4036.4
   2.812     222      428.0     4036.3
   2.829     223      431.3     4037.4
   2.846     224      434.0     4037.0
   2.863     225      436.5     4037.6
   2.881     226      439.2     4037.4
   2.897     227      441.5     4037.5
   2.915     228      443.6     4037.6
   2.933     229      445.5     4037.9
   2.951     230      447.8     4039.1
   2.969     231      449.5     4038.4
   2.987     232      452.7     4039.2
   3.007     233      455.6     4039.7
   3.025     234      457.2     4039.5
   3.041     235      458.8     4040.5
   3.060     236      460.9     4041.2
   3.076     237      463.7     4042.4
   3.093     238      465.9     4043.5
   3.108     239      468.4     4044.5
   3.125     240      470.4     4044.6
   3.142     241      472.6     4044.0
   3.159     242      475.7     4043.3
   3.176     243      477.5     4042.6
   3.193     244      480.2     4042.9
   3.210     245      481.7     4042.4
   3.227     246      484.2     4042.3
   3.245     247      486.9     4041.8
   3.261     248      488.9     4041.1
   3.278     249      491.1     4041.0
   3.295     250      493.1     4038.8
   3.315     251      495.6     4037.1
   3.330     252      498.1     4035.9
   3.350     253      501.4     4035.0
   3.368     254      503.0     4034.3
   3.384     255      505.0     4034.9
   3.402     256      506.0     4035.2
   3.419     257      508.6     4035.0
   3.436     258      510.5     4034.6
   3.454     259      511.8     4034.5
   3.471     260      514.1     4034.7
   3.487     261      516.4     4034.5
   3.504     262      518.4     4033.7
   3.520     263      521.2     4032.9
   3.537     264      523.2     4032.8
   3.554     265      526.3     4031.9
   3.571     266      528.4     4031.4
   3.588     267      530.1     4029.7
   3.605     268      532.6     4029.1
   3.621     269      535.5     4030.7
   3.638     270      538.8     4031.3
   3.655     271      541.7     4031.7
   3.673     272      544.9     4033.3
   3.689     273      548.8     4034.9
   3.707     274      550.2     4032.6
   3.723     275      552.0     4034.4
   3.740     276      555.2     4036.2
   3.757     277      556.0     4033.7
   3.773     278      559.6     4037.6
   3.790     279      563.5     4039.9
   3.807     280      567.0     4041.8
   3.824     281      570.7     4040.0
   3.841     282      573.4     4043.2
   3.858     283      576.1     4044.2
   3.874     284      579.8     4046.7
   3.891     285      582.4     4046.2
   3.909     286      585.1     4044.9
   3.925     287      587.4     4044.2
   3.943     288      590.0     4043.8
   3.959     289      592.8     4042.6
   3.977     290      595.5     4042.4
   3.993     291      597.8     4041.4
   4.011     292      599.8     4040.4
   4.027     293      602.6     4039.5
   4.044     294      605.6     4037.6
   4.063     295      608.4     4036.4
   4.079     296      611.5     4035.3
   4.096     297      615.1     4038.6
   4.113     298      619.1     4041.8
   4.131     299      622.7     4045.3
   4.149     300      628.1     4052.8
   4.165     301      630.7     4055.0
   4.184     302      635.4     4056.7
   4.200     303      639.3     4059.8
   4.217     304      642.6     4061.5
   4.234     305      646.6     4064.8
   4.250     306      650.6     4067.4
   4.267     307      655.0     4070.0
   4.284     308      658.9     4072.4
   4.301     309      662.7     4076.3
   4.317     310      667.3     4078.4
   4.334     311      670.8     4078.9
   4.351     312      673.9     4078.6
   4.368     313      678.0     4079.0
   4.385     314      681.9     4079.5
   4.401     315      685.6     4080.4
   4.418     316      689.6     4080.0
   4.435     317      693.1     4080.0
   4.454     318      696.1     4080.2
   4.470     319      700.1     4079.4
   4.487     320      702.5     4081.0
   4.504     321      705.8     4081.2
   4.522     322      708.9     4081.0
   4.537     323      712.5     4080.6
   4.554     324      715.7     4080.7
   4.571     325      719.3     4081.6
   4.588     326      722.3     4081.7
   4.605     327      726.3     4082.7
   4.621     328      729.8     4083.0
   4.639     329      733.6     4083.5
   4.656     330      737.1     4083.1
   4.672     331      740.4     4084.2
   4.689     332      743.5     4084.6
   4.706     333      746.5     4084.6
   4.724     334      749.1     4085.9
   4.741     335      751.6     4087.2
   4.758     336      755.3     4087.5
   4.775     337      758.1     4088.2
   4.792     338      761.2     4089.0
   4.809     339      763.7     4090.0
   4.824     340      765.6     4091.0
   4.842     341      768.7     4091.9
   4.858     342      772.9     4093.0
   4.875     343      774.9     4094.8
   4.894     344      776.7     4095.6
   4.911     345      779.9     4096.6
   4.928     346      782.2     4095.4
   4.944     347      785.6     4094.3
   4.961     348      788.3     4093.0
   4.978     349      790.8     4091.7
   4.995     350      793.3     4091.2
   5.012     351      796.6     4091.2
   5.028     352      800.0     4090.2
   5.045     353      803.3     4090.0
   5.062     354      804.7     4090.3
   5.079     355      807.3     4090.2
   5.095     356      808.9     4090.2
   5.112     357      811.8     4090.5
   5.129     358      815.0     4090.8
   5.147     359      816.8     4092.4
   5.163     360      819.3     4092.7
   5.180     361      822.5     4092.6
   5.197     362      824.2     4093.6
   5.214     363      826.7     4094.2
   5.230     364      829.1     4094.2
   5.247     365      832.1     4095.0
   5.264     366      835.2     4095.4
   5.281     367      838.5     4095.9
   5.298     368      841.7     4097.4
   5.315     369      845.3     4099.3
   5.333     370      848.9     4100.8
   5.351     371      851.7     4101.6
   5.367     372      854.7     4102.6
   5.384     373      858.1     4103.8
   5.401     374      860.4     4105.4
   5.417     375      863.1     4106.7
   5.434     376      865.4     4107.8
   5.451     377      868.8     4109.4
   5.468     378      871.1     4109.3
   5.485     379      873.4     4110.4
   5.501     380      876.6     4111.9
   5.518     381      880.1     4113.0
   5.535     382      882.8     4113.8
   5.554     383      885.8     4115.0
   5.572     384      890.0     4116.5
   5.588     385      893.3     4117.5
   5.605     386      896.5     4118.6
   5.621     387      900.2     4120.5
   5.638     388      904.1     4121.7
   5.655     389      907.7     4124.0
   5.672     390      910.6     4125.9
   5.689     391      914.0     4127.8
   5.706     392      917.3     4130.0
   5.723     393      919.5     4131.1
   5.740     394      923.2     4132.5
   5.756     395      927.2     4133.8
   5.774     396      930.5     4134.5
   5.790     397      933.6     4134.3
   5.809     398      936.4     4135.3
   5.826     399      939.4     4135.5
   5.843     400      941.3     4137.7
   5.860     401      944.2     4139.6
   5.877     402      946.8     4140.8
   5.897     403      948.3     4142.2
   5.915     404      950.9     4142.7
   5.931     405      954.3     4143.3
   5.948     406      956.5     4143.7
   5.966     407      959.6     4144.4
   5.983     408      961.7     4144.9
   5.999     409      964.7     4146.1
   6.016     410      966.7     4147.3
   6.032     411      968.9     4148.2
   6.049     412      971.4     4150.0
   6.066     413      975.2     4154.5
   6.083     414      978.9     4160.6
   6.100     415      982.5     4166.6
   6.117     416      984.7     4171.9
   6.133     417      987.8     4176.7
   6.150     418      990.1     4181.2
   6.167     419      992.7     4184.5
   6.184     420      996.2     4187.6
   6.201     421      999.1     4191.2
   6.218     422     1002.2     4194.5
   6.235     423     1005.3     4195.9
   6.252     424     1008.6     4198.0
   6.268     425     1011.8     4199.2
   6.285     426     1015.1     4201.1
   6.304     427     1019.1     4201.5
   6.320     428     1023.1     4202.0
   6.337     429     1026.0     4202.2
   6.354     430     1029.4     4203.3
   6.371     431     1033.3     4205.8
   6.388     432     1037.3     4209.2
   6.404     433     1041.4     4212.6
   6.421     434     1045.2     4218.3
   6.438     435     1049.5     4222.7
   6.455     436     1053.9     4227.9
   6.472     437     1058.7     4233.2
   6.489     438     1062.9     4236.5
   6.506     439     1067.0     4240.1
   6.524     440     1071.8     4243.1
   6.540     441     1074.8     4245.9
   6.557     442     1077.7     4249.4
   6.574     443     1081.0     4251.8
   6.591     444     1084.4     4254.9
   6.608     445     1088.0     4256.0
   6.625     446     1091.3     4257.6
   6.641     447     1095.1     4258.8
   6.658     448     1099.6     4259.5
   6.674     449     1103.4     4260.4
   6.691     450     1106.9     4260.9
   6.708     451     1110.4     4260.9
   6.725     452     1114.0     4260.3
   6.742     453     1118.4     4261.1
   6.759     454     1124.6     4267.7
   6.776     455     1130.7     4273.5
   6.793     456     1135.4     4278.9
   6.809     457     1141.0     4284.1
   6.826     458     1146.7     4288.4
   6.843     459     1151.2     4293.3
   6.860     460     1156.5     4297.0
   6.877     461     1160.9     4301.2
   6.894     462     1165.7     4305.0
   6.911     463     1171.0     4308.9
   6.928     464     1174.9     4312.1
   6.944     465     1179.5     4315.1
   6.961     466     1183.5     4317.7
   6.978     467     1188.5     4320.6
   6.995     468     1192.5     4323.4
   7.012     469     1197.1     4326.5
   7.029     470     1201.2     4328.4
   7.046     471     1205.0     4329.3
   7.063     472     1208.6     4329.9
   7.080     473     1212.5     4330.2
   7.096     474     1215.7     4330.5
   7.113     475     1220.0     4331.1
   7.130     476     1223.3     4331.3
   7.147     477     1226.1     4331.5
   7.164     478     1229.4     4331.4
   7.181     479     1232.9     4330.9
   7.198     480     1236.7     4332.3
   7.215     481     1240.6     4333.4
   7.231     482     1244.3     4336.8
   7.248     483     1248.1     4339.8
   7.265     484     1252.8     4342.6
   7.282     485     1258.2     4345.7
   7.299     486     1263.7     4348.7
   7.316     487     1270.0     4351.3
   7.333     488     1274.1     4354.2
   7.350     489     1279.6     4357.7
   7.366     490     1284.9     4359.8
   7.383     491     1289.5     4359.9
   7.399     492     1292.8     4360.3
   7.416     493     1295.8     4356.9
   7.433     494     1298.2     4353.9
   7.450     495     1301.3     4350.3
   7.467     496     1303.4     4346.1
   7.484     497     1304.5     4341.5
   7.501     498     1307.0     4337.5
   7.517     499     1309.0     4333.2
   7.534     500     1310.3     4329.2
   7.551     501     1311.8     4324.4
   7.568     502     1313.7     4320.0
   7.585     503     1314.7     4315.8
   7.602     504     1316.1     4312.1
   7.619     505     1318.2     4308.1
   7.636     506     1319.4     4303.8
   7.652     507     1322.1     4300.7
   7.669     508     1324.2     4298.0
   7.686     509     1327.0     4295.4
   7.703     510     1329.5     4294.2
   7.722     511     1331.7     4293.0
   7.739     512     1334.6     4291.9
   7.756     513     1337.1     4293.4
   7.772     514     1340.5     4294.0
   7.789     515     1344.2     4294.7
   7.806     516     1347.7     4295.2
   7.823     517     1350.7     4295.7
   7.840     518     1353.5     4295.4
   7.856     519     1356.3     4294.8
   7.873     520     1358.5     4294.1
   7.890     521     1361.5     4294.1
   7.906     522     1364.4     4294.7
   7.923     523     1366.9     4294.4
   7.940     524     1369.5     4294.0
   7.957     525     1371.7     4293.4
   7.974     526     1373.7     4291.5
   7.991     527     1375.2     4289.7
   8.008     528     1377.4     4287.3
   8.025     529     1378.7     4285.3
   8.042     530     1379.7     4282.6
   8.058     531     1380.5     4279.8
   8.075     532     1382.2     4277.1
   8.092     533     1382.7     4274.1
   8.109     534     1384.1     4270.4
   8.128     535     1386.4     4267.9
   8.144     536     1387.9     4264.2
   8.161     537     1389.4     4260.4
   8.177     538     1390.6     4257.5
   8.195     539     1392.5     4254.9
   8.212     540     1394.2     4252.2
   8.229     541     1395.6     4249.4
   8.245     542     1398.0     4247.0
   8.262     543     1399.3     4245.0
   8.279     544     1401.2     4243.0
   8.296     545     1403.4     4241.4
   8.313     546     1404.9     4239.4
   8.329     547     1407.0     4237.1
   8.346     548     1409.0     4236.0
   8.363     549     1410.1     4235.4
   8.380     550     1412.8     4233.8
   8.397     551     1414.5     4233.4
   8.414     552     1416.7     4232.3
   8.431     553     1418.0     4230.7
   8.448     554     1421.0     4229.8
   8.464     555     1423.0     4228.7
   8.481     556     1425.0     4228.2
   8.498     557     1427.5     4227.6
   8.515     558     1429.5     4227.7
   8.534     559     1431.6     4227.8
   8.550     560     1434.1     4227.1
   8.567     561     1436.2     4227.4
   8.584     562     1438.9     4228.4
   8.600     563     1441.7     4227.3
   8.617     564     1444.3     4227.2
   8.634     565     1446.4     4226.8
   8.651     566     1449.8     4226.0
   8.668     567     1452.6     4224.7
   8.685     568     1455.7     4223.2
   8.702     569     1458.6     4221.8
   8.719     570     1461.6     4220.4
   8.735     571     1464.6     4219.3
   8.752     572     1467.3     4218.8
   8.769     573     1471.0     4217.4
   8.788     574     1473.7     4215.8
   8.804     575     1474.9     4213.5
   8.821     576     1477.2     4211.8
   8.838     577     1479.3     4209.6
   8.854     578     1480.6     4207.0
   8.871     579     1481.5     4205.0
   8.888     580     1482.7     4201.9
   8.905     581     1485.9     4204.6
   8.922     582     1487.7     4206.0
   8.939     583     1490.6     4206.9
   8.956     584     1494.8     4212.1
   8.973     585     1499.0     4218.0
   8.990     586     1503.8     4223.3
   9.006     587     1507.9     4228.5
   9.023     588     1512.3     4233.5
   9.040     589     1516.0     4238.5
   9.057     590     1521.0     4243.3
   9.074     591     1524.9     4247.3
   9.091     592     1528.4     4250.5
   9.108     593     1532.2     4253.0
   9.124     594     1535.4     4256.2
   9.141     595     1538.5     4259.5
   9.158     596     1542.2     4261.6
   9.175     597     1545.7     4263.9
   9.192     598     1549.0     4266.6
   9.209     599     1550.8     4268.5
   9.226     600     1554.4     4269.8
   9.243     601     1557.1     4272.8
   9.259     602     1560.0     4274.8
   9.276     603     1562.0     4275.4
   9.293     604     1564.0     4273.9
   9.310     605     1566.8     4275.0
   9.327     606     1568.1     4274.2
   9.344     607     1570.4     4273.2
   9.361     608     1572.2     4271.9
   9.378     609     1574.2     4270.2
   9.395     610     1576.5     4268.7
   9.411     611     1577.9     4266.9
   9.428     612     1578.8     4263.6
   9.445     613     1582.0     4265.0
   9.462     614     1584.3     4265.8
   9.479     615     1587.5     4266.0
   9.496     616     1588.7     4262.6
   9.513     617     1591.0     4263.5
   9.530     618     1593.3     4264.7
   9.546     619     1595.5     4265.8
   9.565     620     1596.9     4266.4
   9.581     621     1598.6     4266.9
   9.598     622     1599.5     4262.6
   9.615     623     1600.7     4259.8
   9.632     624     1601.1     4257.6
   9.649     625     1603.1     4255.4
   9.666     626     1605.4     4253.9
   9.682     627     1607.7     4251.8
   9.699     628     1609.4     4249.4
   9.716     629     1611.5     4247.8
   9.733     630     1613.8     4246.1
   9.750     631     1616.5     4245.0
   9.767     632     1618.2     4243.4
   9.784     633     1620.1     4241.6
   9.801     634     1622.3     4241.0
   9.818     635     1624.7     4240.5
   9.834     636     1626.5     4239.8
   9.851     637     1628.5     4240.2
   9.868     638     1630.6     4239.8
   9.884     639     1632.9     4240.5
   9.901     640     1635.1     4241.1
   9.918     641     1637.1     4241.4
   9.935     642     1639.2     4242.0
   9.952     643     1641.6     4243.2
   9.968     644     1643.8     4243.9
   9.985     645     1646.2     4244.3
  10.002     646     1648.5     4244.6
  10.019     647     1651.3     4246.3
  10.036     648     1653.9     4247.7
  10.053     649     1656.1     4249.6
  10.070     650     1660.3     4250.6
  10.088     651     1662.7     4252.4
  10.104     652     1664.6     4253.7
  10.121     653     1667.1     4255.4
  10.138     654     1668.8     4257.3
  10.155     655     1671.0     4259.3
  10.171     656     1673.9     4261.6
  10.188     657     1676.9     4264.2
  10.205     658     1679.5     4266.6
  10.222     659     1681.8     4269.1
  10.239     660     1684.0     4272.3
  10.255     661     1687.4     4275.1
  10.272     662     1689.3     4278.6
  10.291     663     1692.4     4281.5
  10.307     664     1695.0     4284.2
  10.324     665     1698.0     4287.2
  10.341     666     1701.0     4290.1
  10.358     667     1703.6     4292.8
  10.376     668     1706.6     4295.2
  10.393     669     1709.1     4297.4
  10.410     670     1712.8     4300.3
  10.427     671     1715.8     4302.1
  10.444     672     1719.3     4303.2
  10.463     673     1723.1     4303.3
  10.480     674     1727.2     4303.8
  10.498     675     1730.2     4304.7
  10.514     676     1733.8     4305.2
  10.531     677     1737.9     4305.8
  10.547     678     1741.3     4306.5
  10.564     679     1745.5     4307.2
  10.581     680     1749.3     4308.3
  10.599     681     1753.5     4308.9
  10.615     682     1757.1     4309.0
  10.631     683     1760.7     4308.8
  10.649     684     1764.3     4308.7
  10.666     685     1768.0     4309.0
  10.682     686     1771.4     4309.7
  10.698     687     1774.5     4309.6
  10.715     688     1777.4     4310.2
  10.732     689     1780.3     4311.4
  10.749     690     1784.0     4312.2
  10.767     691     1787.7     4311.7
  10.783     692     1791.1     4311.4
  10.800     693     1794.5     4311.8
  10.817     694     1797.1     4312.7
  10.834     695     1800.0     4312.7
  10.851     696     1802.5     4312.7
  10.868     697     1805.5     4312.7
  10.885     698     1808.7     4312.0
  10.901     699     1811.4     4311.8
  10.918     700     1814.0     4311.6
  10.935     701     1815.5     4311.4
  10.952     702     1817.6     4311.4
  10.969     703     1818.9     4310.3
  10.986     704     1821.4     4310.2
  11.004     705     1824.2     4309.2
  11.021     706     1826.1     4308.7
  11.037     707     1828.1     4308.7
  11.054     708     1829.8     4308.7
  11.071     709     1832.4     4308.8
  11.088     710     1834.9     4308.8
  11.105     711     1838.3     4308.8
  11.122     712     1840.5     4309.4
  11.139     713     1843.2     4310.5
  11.156     714     1845.8     4310.6
  11.172     715     1848.1     4311.2
  11.189     716     1851.4     4311.4
  11.206     717     1855.1     4312.0
  11.223     718     1858.1     4312.7
  11.240     719     1860.9     4313.4
  11.257     720     1864.4     4314.8
  11.275     721     1867.9     4315.7
  11.292     722     1871.2     4317.1
  11.309     723     1874.4     4318.4
  11.325     724     1877.8     4319.2
  11.342     725     1881.1     4319.8
  11.359     726     1884.7     4319.8
  11.376     727     1887.5     4320.9
  11.393     728     1891.3     4322.5
  11.410     729     1894.9     4324.2
  11.427     730     1899.2     4325.0
  11.443     731     1902.2     4325.7
  11.460     732     1906.9     4327.3
  11.477     733     1910.7     4328.4
  11.493     734     1913.9     4329.5
  11.510     735     1918.3     4329.7
  11.527     736     1922.2     4330.1
  11.544     737     1925.8     4331.4
  11.561     738     1929.6     4331.6
  11.577     739     1932.7     4332.2
  11.594     740     1936.9     4332.1
  11.611     741     1940.4     4331.7
  11.628     742     1943.9     4331.5
  11.646     743     1947.7     4331.5
  11.662     744     1951.1     4332.1
  11.679     745     1954.2     4332.1
  11.696     746     1957.3     4332.5
  11.712     747     1960.3     4332.3
  11.729     748     1963.7     4332.7
  11.746     749     1966.4     4332.9
  11.763     750     1969.0     4333.7
  11.780     751     1972.4     4334.0
  11.797     752     1975.4     4333.6
  11.815     753     1978.7     4333.5
  11.833     754     1982.4     4333.3
  11.849     755     1986.0     4333.6
  11.866     756     1989.5     4333.8
  11.885     757     1992.3     4334.2
  11.901     758     1995.6     4334.8
  11.918     759     1999.1     4335.0
  11.935     760     2002.1     4334.3
  11.952     761     2005.7     4334.7
  11.968     762     2008.8     4335.3
  11.985     763     2011.8     4334.7
  12.002     764     2015.3     4335.0
  12.019     765     2018.1     4335.6
  12.036     766     2020.8     4335.8
  12.053     767     2023.4     4335.1
  12.070     768     2026.7     4334.9
  12.087     769     2029.8     4335.0
  12.103     770     2032.2     4334.5
  12.120     771     2034.8     4333.9
  12.137     772     2037.2     4334.1
  12.154     773     2040.3     4333.7
  12.171     774     2043.3     4333.3
  12.189     775     2046.9     4332.8
  12.207     776     2050.0     4333.1
  12.223     777     2053.1     4333.1
  12.240     778     2056.3     4333.1
  12.257     779     2059.9     4332.6
  12.274     780     2062.4     4332.8
  12.291     781     2065.6     4332.8
  12.308     782     2068.9     4333.7
  12.325     783     2072.3     4333.6
  12.342     784     2075.5     4334.8
  12.358     785     2078.6     4335.4
  12.375     786     2081.6     4336.2
  12.392     787     2084.9     4336.8
  12.409     788     2087.7     4337.1
  12.426     789     2091.0     4338.0
  12.443     790     2094.4     4338.6
  12.460     791     2097.9     4340.0
  12.477     792     2101.5     4341.9
  12.493     793     2104.7     4343.0
  12.510     794     2108.6     4344.2
  12.527     795     2111.5     4345.7
  12.544     796     2115.3     4347.3
  12.561     797     2118.7     4348.8
  12.578     798     2121.2     4349.7
  12.595     799     2122.7     4351.4
  12.613     800     2125.1     4351.8
  12.629     801     2129.2     4352.7
  12.646     802     2132.4     4354.0
  12.663     803     2135.3     4355.3
  12.682     804     2138.5     4356.6
  12.698     805     2140.6     4357.1
  12.715     806     2143.6     4357.9
  12.732     807     2147.1     4357.7
  12.749     808     2150.1     4357.8
  12.765     809     2153.8     4358.3
  12.782     810     2155.7     4357.9
  12.799     811     2158.4     4357.7
  12.816     812     2160.7     4358.3
  12.833     813     2163.2     4359.3
  12.850     814     2165.4     4359.0
  12.867     815     2166.7     4358.5
  12.884     816     2168.4     4357.7
  12.900     817     2170.4     4357.4
  12.917     818     2171.4     4357.0
  12.934     819     2173.3     4356.7
  12.951     820     2175.2     4355.9
  12.968     821     2177.6     4355.7
  12.985     822     2179.4     4356.1
  13.002     823     2181.1     4356.1
  13.019     824     2183.5     4356.7
  13.035     825     2186.5     4356.7
  13.052     826     2188.9     4357.9
  13.069     827     2191.1     4358.3
  13.088     828     2192.7     4358.0
  13.104     829     2194.0     4359.8
  13.121     830     2195.7     4360.1
  13.138     831     2197.1     4360.9
  13.155     832     2198.8     4363.2
  13.171     833     2201.0     4364.1
  13.188     834     2203.1     4366.8
  13.205     835     2205.2     4368.9
  13.222     836     2206.2     4370.6
  13.239     837     2208.2     4372.1
  13.256     838     2210.0     4373.1
  13.273     839     2212.5     4374.1
  13.290     840     2214.7     4375.4
  13.306     841     2216.2     4376.8
  13.323     842     2218.9     4377.3
  13.340     843     2220.5     4378.7
  13.357     844     2222.1     4379.4
  13.374     845     2224.0     4380.0
  13.391     846     2226.6     4379.9
  13.408     847     2228.8     4379.7
  13.425     848     2230.9     4379.6
  13.442     849     2231.8     4380.2
  13.458     850     2234.0     4381.2
  13.475     851     2235.5     4381.4
  13.492     852     2237.1     4381.7
  13.509     853     2239.3     4382.3
  13.526     854     2240.8     4382.8
  13.543     855     2243.0     4382.8
  13.560     856     2245.4     4382.9
  13.577     857     2247.3     4383.4
  13.593     858     2249.0     4384.3
  13.610     859     2251.3     4383.6
  13.627     860     2253.4     4382.7
  13.644     861     2255.8     4381.5
  13.661     862     2258.3     4381.8
  13.678     863     2260.4     4383.2
  13.695     864     2264.0     4382.8
  13.712     865     2266.6     4383.1
  13.728     866     2269.6     4384.1
  13.745     867     2272.4     4384.1
  13.762     868     2275.4     4384.1
  13.779     869     2278.8     4383.7
  13.796     870     2281.4     4384.4
  13.813     871     2283.6     4385.0
  13.830     872     2286.8     4385.8
  13.847     873     2289.9     4386.6
  13.863     874     2292.7     4388.0
  13.880     875     2295.9     4389.1
  13.897     876     2298.6     4390.8
  13.914     877     2302.5     4392.5
  13.931     878     2305.3     4392.5
  13.948     879     2307.9     4394.0
  13.965     880     2311.1     4395.5
  13.982     881     2313.5     4396.0
  13.999     882     2316.5     4396.5
  14.015     883     2320.0     4397.3
  14.032     884     2323.3     4397.7
  14.049     885     2326.2     4397.8
  14.066     886     2328.6     4396.6
  14.083     887     2330.9     4395.2
  14.100     888     2333.0     4394.3
  14.117     889     2335.0     4392.7
  14.134     890     2336.7     4390.8
  14.151     891     2338.2     4389.2
  14.167     892     2341.7     4393.6
  14.186     893     2345.2     4397.8
  14.203     894     2349.4     4401.6
  14.219     895     2353.1     4404.7
  14.235     896     2356.4     4408.6
  14.252     897     2361.4     4417.2
  14.269     898     2367.1     4424.6
  14.285     899     2371.6     4431.3
  14.302     900     2375.7     4437.7
  14.319     901     2379.1     4441.7
  14.336     902     2383.2     4447.8
  14.353     903     2388.1     4454.2
  14.371     904     2392.8     4460.1
  14.388     905     2397.2     4464.9
  14.406     906     2401.7     4469.9
  14.422     907     2405.2     4474.9
  14.439     908     2409.1     4479.3
  14.456     909     2412.2     4482.3
  14.473     910     2415.4     4485.6
  14.490     911     2418.2     4487.3
  14.507     912     2420.5     4487.5
  14.524     913     2421.9     4488.1
  14.540     914     2424.0     4489.9
  14.557     915     2426.7     4490.5
  14.574     916     2428.6     4490.2
  14.591     917     2429.9     4489.8
  14.608     918     2432.8     4489.0
  14.625     919     2435.0     4488.9
  14.642     920     2437.6     4489.2
  14.659     921     2440.1     4487.6
  14.676     922     2441.5     4485.2
  14.692     923     2443.5     4484.2
  14.709     924     2445.4     4481.8
  14.726     925     2447.7     4480.0
  14.743     926     2448.1     4476.9
  14.759     927     2452.5     4480.0
  14.776     928     2453.4     4477.4
  14.793     929     2454.8     4474.9
  14.810     930     2458.0     4476.0
  14.826     931     2459.2     4473.5
  14.845     932     2460.1     4469.9
  14.861     933     2462.2     4470.4
  14.878     934     2464.3     4469.7
  14.895     935     2466.2     4468.7
  14.912     936     2468.0     4468.9
  14.929     937     2470.3     4468.9
  14.946     938     2474.4     4471.7
  14.962     939     2475.7     4470.4
  14.978     940     2477.0     4469.4
  14.996     941     2479.0     4470.8
  15.013     942     2481.4     4471.5
  15.030     943     2484.1     4472.1
  15.046     944     2487.2     4473.6
  15.064     945     2488.7     4474.0
  15.081     946     2491.1     4473.4
  15.097     947     2493.2     4473.6
  15.114     948     2495.5     4472.5
  15.130     949     2497.7     4471.4
  15.148     950     2499.8     4470.3
  15.164     951     2502.2     4468.8
  15.181     952     2505.4     4467.6
  15.198     953     2508.3     4466.9
  15.216     954     2513.4     4473.9
  15.232     955     2515.6     4471.0
  15.248     956     2522.2     4479.3
  15.265     957     2527.7     4486.1
  15.282     958     2533.0     4492.1
  15.299     959     2537.5     4494.3
  15.319     960     2541.0     4496.6
  15.334     961     2544.9     4498.4
  15.351     962     2549.2     4501.0
  15.367     963     2553.3     4505.5
  15.383     964     2557.6     4509.1
  15.400     965     2562.6     4513.6
  15.417     966     2565.4     4513.8
  15.434     967     2568.4     4513.2
  15.451     968     2571.1     4513.3
  15.468     969     2573.8     4512.3
  15.485     970     2576.9     4512.1
  15.502     971     2580.1     4512.3
  15.518     972     2582.7     4511.1
  15.535     973     2585.9     4509.9
  15.552     974     2588.8     4509.0
  15.570     975     2592.0     4508.0
  15.587     976     2594.6     4507.0
  15.604     977     2597.5     4505.3
  15.621     978     2600.2     4503.7
  15.638     979     2602.7     4502.2
  15.654     980     2605.8     4500.0
  15.670     981     2607.8     4497.7
  15.687     982     2609.3     4495.7
  15.704     983     2610.6     4493.2
  15.721     984     2612.6     4490.3
  15.738     985     2614.8     4487.8
  15.756     986     2616.8     4485.0
  15.772     987     2618.0     4482.6
  15.790     988     2620.4     4479.5
  15.805     989     2621.9     4476.3
  15.822     990     2623.9     4473.0
  15.839     991     2626.1     4470.8
  15.856     992     2628.2     4468.6
  15.873     993     2631.5     4469.8
  15.890     994     2633.6     4468.6
  15.907     995     2636.1     4469.5
  15.924     996     2639.4     4471.4
  15.941     997     2642.8     4474.8
  15.958     998     2646.0     4476.5
  15.975     999     2650.1     4478.5
  15.992    1000     2654.6     4481.6
  16.009    1001     2658.3     4483.4
  16.026    1002     2662.0     4485.0
  16.043    1003     2665.3     4486.1
  16.059    1004     2669.1     4486.8
  16.075    1005     2672.8     4486.7
  16.092    1006     2675.8     4486.1
  16.109    1007     2678.9     4485.9
  16.126    1008     2681.5     4484.1
  16.145    1009     2683.8     4482.4
  16.161    1010     2685.9     4482.2
  16.178    1011     2687.5     4480.3
  16.195    1012     2689.8     4478.5
  16.211    1013     2691.4     4479.0
  16.228    1014     2693.6     4478.8
  16.245    1015     2695.3     4478.4
  16.262    1016     2697.0     4477.5
  16.279    1017     2700.3     4476.4
  16.296    1018     2703.0     4477.2
  16.314    1019     2705.5     4476.5
  16.330    1020     2708.5     4475.8
  16.346    1021     2711.3     4476.3
  16.367    1022     2714.3     4476.6
  16.380    1023     2717.7     4476.2
  16.397    1024     2720.3     4476.5
  16.414    1025     2723.6     4475.8
  16.431    1026     2727.4     4475.0
  16.448    1027     2729.4     4473.6
  16.465    1028     2731.7     4473.0
  16.481    1029     2733.8     4471.6
  16.498    1030     2736.8     4469.8
  16.515    1031     2739.0     4467.9
  16.532    1032     2741.2     4466.3
  16.549    1033     2742.9     4464.7
  16.566    1034     2745.1     4463.1
  16.583    1035     2747.0     4462.0
  16.600    1036     2749.9     4461.1
  16.617    1037     2752.9     4460.4
  16.633    1038     2755.8     4459.5
  16.652    1039     2759.1     4458.9
  16.668    1040     2761.5     4458.2
  16.684    1041     2764.6     4458.2
  16.701    1042     2767.5     4458.5
  16.718    1043     2770.3     4458.3
  16.735    1044     2774.0     4459.1
  16.752    1045     2777.8     4461.3
  16.768    1046     2781.7     4461.6
  16.785    1047     2784.7     4462.2
  16.802    1048     2787.6     4463.4
  16.819    1049     2792.2     4465.6
  16.836    1050     2795.4     4466.6
  16.853    1051     2798.1     4467.0
  16.870    1052     2801.9     4467.4
  16.887    1053     2804.2     4468.9
  16.903    1054     2808.1     4470.2
  16.922    1055     2811.2     4470.8
  16.938    1056     2812.7     4468.5
  16.955    1057     2815.7     4467.7
  16.972    1058     2816.4     4464.1
  16.989    1059     2818.0     4461.6
  17.006    1060     2819.8     4458.3
  17.023    1061     2821.8     4455.4
  17.039    1062     2823.1     4453.1
  17.056    1063     2825.1     4450.5
  17.073    1064     2827.2     4447.7
  17.090    1065     2829.6     4444.4
  17.107    1066     2831.2     4441.7
  17.124    1067     2834.6     4441.1
  17.141    1068     2837.8     4439.3
  17.158    1069     2840.9     4437.9
  17.174    1070     2843.8     4438.2
  17.191    1071     2848.4     4439.0
  17.209    1072     2851.5     4438.6
  17.225    1073     2854.8     4439.2
  17.242    1074     2858.1     4438.8
  17.259    1075     2862.1     4438.4
  17.276    1076     2865.8     4437.5
  17.293    1077     2869.1     4438.1
  17.309    1078     2872.4     4438.0
  17.326    1079     2875.2     4438.0
  17.343    1080     2878.6     4438.2
  17.360    1081     2881.5     4437.6
  17.377    1082     2884.6     4436.2
  17.394    1083     2888.2     4436.3
  17.410    1084     2891.5     4436.5
  17.427    1085     2894.4     4435.6
  17.444    1086     2897.3     4434.1
  17.460    1087     2899.9     4431.9
  17.477    1088     2902.2     4430.6
  17.495    1089     2904.8     4428.9
  17.511    1090     2907.5     4427.0
  17.528    1091     2909.9     4424.8
  17.545    1092     2913.5     4422.5
  17.562    1093     2917.3     4421.4
  17.579    1094     2921.2     4419.5
  17.595    1095     2924.6     4417.8
  17.612    1096     2927.8     4415.9
  17.629    1097     2931.6     4414.8
  17.646    1098     2933.7     4412.4
  17.663    1099     2936.8     4410.6
  17.682    1100     2938.9     4408.2
  17.702    1101     2940.8     4405.7
  17.721    1102     2943.8     4403.2
  17.743    1103     2947.0     4400.8
  17.761    1104     2950.4     4398.3
  17.777    1105     2954.1     4396.2
  17.794    1106     2958.5     4394.2
  17.811    1107     2962.5     4391.4
  17.828    1108     2967.0     4389.3
  17.845    1109     2971.4     4387.2
  17.862    1110     2975.7     4385.8
  17.880    1111     2978.4     4384.2
  17.896    1112     2981.5     4382.5
  17.915    1113     2984.4     4381.0
  17.931    1114     2988.5     4378.9
  17.948    1115     2992.2     4377.3
  17.965    1116     2994.7     4375.3
  17.981    1117     2998.5     4373.0
  17.998    1118     3001.5     4370.2
  18.014    1119     3004.2     4367.6
  18.031    1120     3007.4     4365.2
  18.048    1121     3010.1     4362.7
  18.065    1122     3012.8     4361.1
  18.082    1123     3014.8     4359.6
  18.099    1124     3016.9     4358.3
  18.117    1125     3020.0     4356.6
  18.133    1126     3023.1     4354.7
  18.150    1127     3026.2     4353.3
  18.167    1128     3029.7     4352.2
  18.184    1129     3032.6     4351.7
  18.201    1130     3035.5     4350.6
  18.218    1131     3037.8     4349.5
  18.234    1132     3041.0     4348.8
  18.252    1133     3044.0     4348.8
  18.268    1134     3046.1     4348.6
  18.285    1135     3049.4     4348.5
  18.302    1136     3052.0     4348.7
  18.321    1137     3054.6     4348.3
  18.337    1138     3057.0     4348.7
  18.354    1139     3060.0     4348.5
  18.371    1140     3062.1     4349.4
  18.387    1141     3063.5     4350.7
  18.404    1142     3066.3     4351.3
  18.421    1143     3068.4     4352.3
  18.438    1144     3070.5     4353.9
  18.455    1145     3072.9     4356.3
  18.472    1146     3075.7     4357.6
  18.489    1147     3078.1     4359.3
  18.507    1148     3079.8     4360.7
  18.523    1149     3082.2     4362.8
  18.541    1150     3084.3     4365.4
  18.557    1151     3086.8     4368.0
  18.574    1152     3089.5     4369.9
  18.590    1153     3092.4     4371.9
  18.607    1154     3094.8     4373.8
  18.624    1155     3097.1     4376.0
  18.641    1156     3099.7     4379.7
  18.658    1157     3102.3     4383.0
  18.675    1158     3105.2     4385.4
  18.693    1159     3107.5     4387.9
  18.710    1160     3110.1     4390.0
  18.726    1161     3112.2     4392.2
  18.743    1162     3114.3     4394.7
  18.762    1163     3116.0     4396.5
  18.778    1164     3118.4     4398.3
  18.795    1165     3121.7     4399.3
  18.812    1166     3124.4     4401.4
  18.829    1167     3126.8     4402.7
  18.845    1168     3129.9     4403.4
  18.864    1169     3133.0     4404.7
  18.882    1170     3135.6     4405.5
  18.898    1171     3138.9     4406.8
  18.915    1172     3141.6     4407.3
  18.932    1173     3144.6     4407.4
  18.949    1174     3147.0     4407.5
  18.965    1175     3150.5     4407.1
  18.982    1176     3152.4     4406.8
  18.999    1177     3155.4     4407.0
  19.016    1178     3158.8     4406.9
  19.033    1179     3161.2     4405.9
  19.050    1180     3165.1     4404.3
  19.067    1181     3168.3     4403.4
  19.084    1182     3172.2     4401.6
  19.100    1183     3176.5     4401.1
  19.117    1184     3180.1     4400.7
  19.134    1185     3184.6     4400.1
  19.151    1186     3189.0     4399.6
  19.168    1187     3192.8     4399.1
  19.185    1188     3197.0     4398.4
  19.202    1189     3200.2     4398.4
  19.219    1190     3203.6     4397.8
  19.235    1191     3206.9     4397.5
  19.252    1192     3210.2     4398.2
  19.269    1193     3213.0     4397.8
  19.286    1194     3214.1     4403.0
  19.303    1195     3213.3     4411.0
  19.320    1196     3214.0     4415.4
  19.337    1197     3215.3     4419.3
  19.354    1198     3216.3     4425.0
  19.372    1199     3219.1     4427.3
  19.387    1200     3221.2     4431.0
  19.405    1201     3222.8     4433.5
  19.421    1202     3225.0     4436.2
  19.438    1203     3226.6     4439.1
  19.456    1204     3229.0     4441.8
  19.472    1205     3230.5     4444.6
  19.489    1206     3233.1     4446.7
  19.506    1207     3234.3     4448.4
  19.522    1208     3236.0     4451.0
  19.539    1209     3237.1     4453.9
  19.556    1210     3239.2     4456.8
  19.573    1211     3240.4     4459.5
  19.590    1212     3241.9     4461.8
  19.607    1213     3243.3     4464.3
  19.624    1214     3245.0     4466.1
  19.642    1215     3246.9     4467.9
  19.658    1216     3249.0     4469.7
  19.675    1217     3250.2     4470.6
  19.692    1218     3252.4     4472.0
  19.710    1219     3255.0     4473.5
  19.726    1220     3257.4     4474.6
  19.744    1221     3260.1     4476.7
  19.760    1222     3262.5     4477.8
  19.777    1223     3264.2     4479.2
  19.793    1224     3266.3     4481.3
  19.810    1225     3268.1     4482.4
  19.827    1226     3269.9     4483.6
  19.844    1227     3270.1     4487.0
  19.860    1228     3272.1     4490.2
  19.877    1229     3271.4     4494.4
  19.894    1230     3271.7     4497.7
  19.911    1231     3272.2     4502.2
  19.928    1232     3272.4     4506.7
  19.944    1233     3274.2     4510.4
  19.961    1234     3275.6     4514.2
  19.978    1235     3277.3     4518.4
  19.995    1236     3279.1     4522.4
  20.012    1237     3280.7     4526.1
  20.029    1238     3282.1     4530.2
  20.046    1239     3283.3     4534.5
  20.063    1240     3285.3     4538.6
  20.079    1241     3287.1     4541.9
  20.096    1242     3288.2     4546.6
  20.113    1243     3289.8     4551.1
  20.130    1244     3291.2     4555.0
  20.147    1245     3292.5     4559.8
  20.164    1246     3294.7     4564.3
  20.181    1247     3296.7     4568.7
  20.200    1248     3298.6     4572.4
  20.215    1249     3300.2     4575.6
  20.231    1250     3301.6     4579.3
  20.248    1251     3304.1     4583.6
  20.265    1252     3306.8     4587.1
  20.282    1253     3308.9     4590.8
  20.299    1254     3312.0     4594.2
  20.316    1255     3314.2     4596.8
  20.333    1256     3316.5     4600.9
  20.350    1257     3319.9     4604.6
  20.366    1258     3322.0     4608.1
  20.383    1259     3324.6     4611.0
  20.400    1260     3327.5     4612.9
  20.417    1261     3330.6     4614.8
  20.434    1262     3333.1     4616.7
  20.451    1263     3335.0     4618.1
  20.468    1264     3337.4     4619.1
  20.485    1265     3340.0     4619.3
  20.502    1266     3342.5     4620.3
  20.518    1267     3344.8     4621.0
  20.535    1268     3347.1     4621.7
  20.552    1269     3349.6     4621.4
  20.571    1270     3351.5     4620.6
  20.587    1271     3353.1     4621.3
  20.604    1272     3355.1     4620.6
  20.621    1273     3357.0     4620.8
  20.637    1274     3359.2     4620.6
  20.654    1275     3361.3     4620.1
  20.671    1276     3363.6     4619.7
  20.688    1277     3366.6     4619.0
  20.705    1278     3369.7     4617.8
  20.722    1279     3372.8     4617.4
  20.739    1280     3376.7     4616.8
  20.756    1281     3380.2     4615.5
  20.772    1282     3384.6     4614.6
  20.789    1283     3388.5     4612.7
  20.806    1284     3392.2     4611.8
  20.823    1285     3395.7     4610.6
  20.840    1286     3398.5     4607.8
  20.860    1287     3401.5     4605.9
  20.877    1288     3404.5     4603.1
  20.893    1289     3407.9     4600.5
  20.910    1290     3411.4     4597.4
  20.927    1291     3415.0     4594.6
  20.944    1292     3419.6     4592.3
  20.961    1293     3424.0     4588.7
  20.978    1294     3427.5     4584.6
  20.995    1295     3431.2     4580.5
  21.012    1296     3436.0     4576.7
  21.028    1297     3440.5     4572.9
  21.045    1298     3444.2     4568.4
  21.062    1299     3448.0     4565.8
  21.079    1300     3449.9     4566.1
  21.096    1301     3454.1     4563.0
  21.115    1302     3457.0     4559.0
  21.131    1303     3460.2     4555.1
  21.148    1304     3463.9     4551.8
  21.164    1305     3467.2     4549.1
  21.181    1306     3469.7     4546.2
  21.198    1307     3473.0     4544.2
  21.215    1308     3476.3     4540.9
  21.232    1309     3478.8     4538.5
  21.251    1310     3482.2     4536.2
  21.267    1311     3484.8     4534.3
  21.284    1312     3487.5     4533.4
  21.300    1313     3490.7     4534.8
  21.317    1314     3494.4     4533.8
  21.334    1315     3497.1     4535.2
  21.351    1316     3499.7     4535.0
  21.368    1317     3503.1     4533.0
  21.385    1318     3506.3     4532.2
  21.402    1319     3508.1     4533.9
  21.419    1320     3510.6     4535.3
  21.435    1321     3512.4     4537.6
  21.452    1322     3513.8     4539.6
  21.468    1323     3515.7     4542.0
  21.485    1324     3516.6     4545.4
  21.502    1325     3518.4     4546.2
  21.519    1326     3520.3     4547.1
  21.536    1327     3522.5     4548.7
  21.553    1328     3525.6     4550.9
  21.573    1329     3527.1     4553.0
  21.589    1330     3528.9     4555.3
  21.606    1331     3531.1     4558.3
  21.623    1332     3534.1     4560.9
  21.640    1333     3536.5     4563.8
  21.658    1334     3539.2     4566.2
  21.674    1335     3542.3     4569.4
  21.691    1336     3544.3     4571.4
  21.707    1337     3546.1     4574.2
  21.724    1338     3548.6     4576.3
  21.741    1339     3550.5     4577.4
  21.758    1340     3552.6     4580.0
  21.775    1341     3554.6     4582.0
  21.791    1342     3556.2     4583.1
  21.809    1343     3557.3     4586.0
  21.825    1344     3558.8     4587.5
  21.841    1345     3560.8     4589.1
  21.857    1346     3562.3     4591.5
  21.875    1347     3563.9     4593.0
  21.891    1348     3565.2     4596.6
  21.909    1349     3567.9     4598.5
  21.925    1350     3569.8     4599.1
  21.943    1351     3572.0     4600.4
  21.959    1352     3574.5     4601.9
  21.977    1353     3576.7     4603.4
  21.992    1354     3579.1     4603.4
  22.009    1355     3582.7     4604.4
  22.026    1356     3585.4     4606.5
  22.043    1357     3587.8     4607.1
  22.061    1358     3590.6     4608.8
  22.077    1359     3592.8     4610.1
  22.094    1360     3596.2     4610.7
  22.112    1361     3599.3     4612.1
  22.128    1362     3601.8     4612.4
  22.144    1363     3604.8     4612.2
  22.161    1364     3607.4     4611.6
  22.178    1365     3610.3     4611.7
  22.195    1366     3613.1     4611.9
  22.213    1367     3614.7     4611.2
  22.229    1368     3617.8     4611.4
  22.246    1369     3620.4     4612.2
  22.263    1370     3622.7     4612.9
  22.280    1371     3625.4     4614.3
  22.297    1372     3627.9     4615.5
  22.314    1373     3631.0     4616.9
  22.331    1374     3633.7     4617.7
  22.348    1375     3636.4     4617.9
  22.365    1376     3639.5     4618.7
  22.382    1377     3642.2     4619.1
  22.399    1378     3645.0     4619.8
  22.415    1379     3648.3     4620.2
  22.431    1380     3651.8     4620.2
  22.448    1381     3654.3     4620.1
  22.466    1382     3657.1     4620.8
  22.483    1383     3659.9     4621.4
  22.499    1384     3662.6     4622.3
  22.517    1385     3665.5     4623.1
  22.533    1386     3668.0     4624.6
  22.549    1387     3671.0     4626.5
  22.566    1388     3673.5     4627.3
  22.584    1389     3675.9     4629.3
  22.601    1390     3678.3     4630.8
  22.617    1391     3680.3     4632.9
  22.634    1392     3682.9     4635.3
  22.651    1393     3685.4     4637.6
  22.669    1394     3688.1     4639.7
  22.684    1395     3690.8     4641.3
  22.701    1396     3693.6     4643.2
  22.718    1397     3697.0     4644.3
  22.735    1398     3700.2     4646.8
  22.752    1399     3704.3     4647.9
  22.769    1400     3707.7     4649.1
  22.786    1401     3711.5     4649.8
  22.803    1402     3714.8     4650.3
  22.821    1403     3718.5     4650.7
  22.837    1404     3722.4     4651.0
  22.854    1405     3726.0     4650.2
  22.871    1406     3728.3     4650.2
  22.888    1407     3730.7     4649.1
  22.905    1408     3733.2     4647.2
  22.922    1409     3735.6     4645.1
  22.939    1410     3739.1     4644.6
  22.956    1411     3741.7     4643.0
  22.972    1412     3744.6     4642.8
  22.989    1413     3748.0     4642.2
  23.008    1414     3751.1     4641.9
  23.024    1415     3754.7     4641.1
  23.041    1416     3757.6     4640.5
  23.058    1417     3760.5     4640.3
  23.074    1418     3763.8     4639.8
  23.091    1419     3766.0     4638.4
  23.108    1420     3768.8     4637.2
  23.125    1421     3771.3     4635.7
  23.142    1422     3774.5     4633.1
  23.160    1423     3776.5     4630.9
  23.176    1424     3779.2     4629.4
  23.193    1425     3780.7     4627.0
  23.211    1426     3782.5     4624.6
  23.226    1427     3783.8     4622.4
  23.243    1428     3784.9     4619.7
  23.260    1429     3787.2     4616.7
  23.277    1430     3789.8     4615.0
  23.294    1431     3792.1     4612.6
  23.311    1432     3794.9     4611.1
  23.327    1433     3797.8     4609.9
  23.345    1434     3800.0     4608.7
  23.361    1435     3802.2     4605.8
  23.378    1436     3805.2     4604.6
  23.395    1437     3808.7     4604.4
  23.412    1438     3811.1     4603.9
  23.429    1439     3813.4     4602.2
  23.446    1440     3815.6     4600.6
  23.464    1441     3818.0     4599.6
  23.481    1442     3821.2     4598.9
  23.497    1443     3824.0     4597.4
  23.514    1444     3826.5     4596.0
  23.531    1445     3829.1     4594.8
  23.548    1446     3831.7     4594.7
  23.565    1447     3834.5     4593.3
  23.582    1448     3836.9     4593.1
  23.599    1449     3839.8     4591.9
  23.616    1450     3842.2     4592.0
  23.632    1451     3844.1     4591.2
  23.648    1452     3846.9     4591.4
  23.666    1453     3848.9     4590.7
  23.682    1454     3851.4     4590.6
  23.700    1455     3853.9     4591.7
  23.716    1456     3856.1     4593.3
  23.733    1457     3858.2     4595.3
  23.750    1458     3860.2     4595.6
  23.767    1459     3861.9     4596.3
  23.783    1460     3864.0     4596.5
  23.802    1461     3866.1     4596.9
  23.818    1462     3868.5     4597.7
  23.835    1463     3871.0     4597.5
  23.852    1464     3872.3     4597.0
  23.869    1465     3874.1     4597.0
  23.888    1466     3875.8     4596.8
  23.904    1467     3877.3     4596.5
  23.921    1468     3878.1     4596.5
  23.938    1469     3879.6     4594.2
  23.955    1470     3881.8     4591.7
  23.972    1471     3883.3     4589.7
  23.987    1472     3884.9     4587.2
  24.004    1473     3887.3     4583.5
  24.021    1474     3889.1     4580.5
  24.038    1475     3889.8     4581.9
  24.054    1476     3892.4     4579.4
  24.071    1477     3895.3     4576.9
  24.088    1478     3897.8     4574.5
  24.105    1479     3898.3     4575.8
  24.124    1480     3899.2     4577.2
  24.145    1481     3900.6     4578.6
  24.164    1482     3901.5     4580.0
  24.188    1483     3902.4     4581.4
  24.210    1484     3903.2     4582.7
  24.227    1485     3903.5     4584.1
  24.248    1486     3904.2     4585.3
  24.267    1487     3905.1     4586.6
  24.286    1488     3905.9     4587.9
  24.304    1489     3906.9     4589.2
  24.321    1490     3911.0     4586.8
  24.336    1491     3914.0     4584.4
  24.355    1492     3916.9     4582.0
  24.371    1493     3920.9     4581.1
  24.389    1494     3926.0     4581.4
  24.405    1495     3929.1     4579.6
  24.422    1496     3933.0     4579.9
  24.439    1497     3937.3     4580.5
  24.458    1498     3942.0     4581.0
  24.475    1499     3945.6     4581.2
  24.491    1500     3948.3     4580.7
  24.508    1501     3951.8     4580.2
  24.528    1502     3954.4     4580.3
  24.543    1503     3957.0     4580.0
  24.559    1504     3959.3     4577.9
  24.575    1505     3962.3     4576.9
  24.597    1506     3965.4     4575.9
  24.615    1507     3968.2     4575.3
  24.631    1508     3970.5     4573.9
  24.650    1509     3972.3     4572.0
  24.666    1510     3976.5     4573.9
  24.684    1511     3978.4     4571.6
  24.701    1512     3980.5     4569.4
  24.717    1513     3985.3     4571.5
  24.734    1514     3987.5     4569.6
  24.751    1515     3990.1     4568.2
  24.768    1516     3993.2     4566.3
  24.785    1517     3996.3     4565.1
  24.802    1518     3999.5     4564.9
  24.819    1519     4003.6     4563.8
  24.836    1520     4008.3     4566.7
  24.852    1521     4013.8     4569.9
  24.869    1522     4017.5     4569.2
  24.886    1523     4022.0     4569.0
  24.903    1524     4025.4     4568.3
  24.920    1525     4027.8     4568.7
  24.937    1526     4030.6     4569.6
  24.954    1527     4033.7     4569.3
  24.971    1528     4036.7     4568.1
  24.988    1529     4038.8     4567.8
  25.005    1530     4041.3     4566.1
  25.022    1531     4044.7     4565.1
  25.039    1532     4047.7     4564.4
  25.056    1533     4050.2     4563.9
  25.073    1534     4053.3     4562.4
  25.090    1535     4056.3     4561.3
  25.108    1536     4059.0     4560.9
  25.124    1537     4062.1     4560.1
  25.143    1538     4064.6     4559.2
  25.159    1539     4069.2     4560.3
  25.176    1540     4072.7     4560.2
  25.194    1541     4076.0     4559.7
  25.212    1542     4079.3     4559.2
  25.229    1543     4083.1     4559.4
  25.245    1544     4087.5     4560.3
  25.263    1545     4090.9     4561.6
  25.280    1546     4095.1     4563.0
  25.296    1547     4098.8     4564.0
  25.313    1548     4102.3     4564.4
  25.330    1549     4106.9     4565.7
  25.347    1550     4110.6     4565.7
  25.364    1551     4114.2     4566.7
  25.380    1552     4117.2     4567.1
  25.397    1553     4120.1     4567.2
  25.414    1554     4124.5     4567.3
  25.432    1555     4128.7     4567.9
  25.449    1556     4131.7     4568.9
  25.466    1557     4134.4     4570.5
  25.483    1558     4137.4     4571.8
  25.499    1559     4140.1     4574.1
  25.516    1560     4143.4     4575.9
  25.533    1561     4146.0     4578.5
  25.550    1562     4148.4     4580.9
  25.567    1563     4150.6     4583.8
  25.583    1564     4152.8     4586.3
  25.600    1565     4156.4     4585.7
  25.617    1566     4160.1     4585.7
  25.634    1567     4164.3     4583.7
  25.650    1568     4167.8     4582.4
  25.666    1569     4171.8     4582.1
  25.682    1570     4175.7     4582.1
  25.699    1571     4179.3     4581.5
  25.716    1572     4182.7     4581.8
  25.733    1573     4186.0     4581.6
  25.750    1574     4188.9     4581.9
  25.767    1575     4193.4     4577.1
  25.784    1576     4198.2     4573.7
  25.802    1577     4203.3     4570.0
  25.819    1578     4208.6     4567.0
  25.836    1579     4212.4     4565.3
  25.853    1580     4216.7     4563.1
  25.872    1581     4220.8     4560.7
  25.888    1582     4225.0     4558.1
  25.905    1583     4228.7     4555.7
  25.923    1584     4233.0     4553.6
  25.939    1585     4237.5     4551.1
  25.956    1586     4241.5     4549.2
  25.973    1587     4245.8     4547.6
  25.990    1588     4250.3     4546.4
  26.007    1589     4254.1     4545.6
  26.024    1590     4258.3     4544.3
  26.042    1591     4261.6     4543.3
  26.058    1592     4265.3     4542.3
  26.075    1593     4269.4     4542.1
  26.092    1594     4272.4     4539.9
  26.109    1595     4275.4     4538.5
  26.127    1596     4278.3     4536.9
  26.144    1597     4281.8     4534.7
  26.162    1598     4283.3     4532.7
  26.177    1599     4284.4     4530.5
  26.199    1600     4286.1     4528.3
  26.212    1601     4288.3     4526.6
  26.229    1602     4289.8     4523.9
  26.245    1603     4292.1     4521.0
  26.262    1604     4294.7     4519.5
  26.279    1605     4297.0     4519.2
  26.295    1606     4298.4     4517.3
  26.312    1607     4301.0     4515.7
  26.329    1608     4303.8     4513.8
  26.345    1609     4306.3     4512.9
  26.362    1610     4308.1     4512.2
  26.379    1611     4310.6     4510.7
  26.396    1612     4314.0     4510.8
  26.413    1613     4316.1     4509.5
  26.430    1614     4318.2     4507.8
  26.447    1615     4320.2     4507.2
  26.465    1616     4322.9     4506.5
  26.482    1617     4324.8     4505.6
  26.499    1618     4327.7     4505.4
  26.516    1619     4331.3     4504.4
  26.533    1620     4333.7     4503.9
  26.550    1621     4336.8     4502.9
  26.567    1622     4339.7     4502.2
  26.583    1623     4342.2     4501.3
  26.599    1624     4344.9     4500.9
  26.616    1625     4347.6     4500.7
  26.633    1626     4351.0     4500.7
  26.652    1627     4354.7     4501.2
  26.667    1628     4358.0     4501.3
  26.686    1629     4361.2     4501.2
  26.703    1630     4364.1     4501.6
  26.719    1631     4368.4     4501.9
  26.738    1632     4371.8     4502.7
  26.754    1633     4374.8     4503.4
  26.773    1634     4378.6     4504.8
  26.789    1635     4381.8     4505.6
  26.806    1636     4385.8     4506.0
  26.822    1637     4389.2     4505.5
  26.838    1638     4392.5     4505.3
  26.855    1639     4396.1     4506.0
  26.874    1640     4399.2     4510.5
  26.890    1641     4400.6     4518.9
  26.907    1642     4401.4     4525.9
  26.924    1643     4402.4     4532.7
  26.941    1644     4403.8     4539.5
  26.959    1645     4405.9     4542.9
  26.975    1646     4407.7     4546.8
  26.992    1647     4409.8     4550.0
  27.012    1648     4411.9     4553.1
  27.029    1649     4415.2     4554.8
  27.046    1650     4418.3     4556.2
  27.063    1651     4421.5     4557.3
  27.079    1652     4424.6     4558.9
  27.096    1653     4427.8     4560.6
  27.113    1654     4431.3     4562.2
  27.130    1655     4434.9     4563.4
  27.147    1656     4437.9     4565.0
  27.164    1657     4441.1     4565.9
  27.180    1658     4444.0     4567.5
  27.197    1659     4446.5     4569.1
  27.214    1660     4450.2     4570.1
  27.230    1661     4452.8     4570.8
  27.247    1662     4455.6     4571.5
  27.264    1663     4457.8     4572.0
  27.281    1664     4460.4     4572.1
  27.299    1665     4462.7     4572.0
  27.316    1666     4465.6     4571.9
  27.333    1667     4468.9     4571.9
  27.351    1668     4471.5     4571.0
  27.367    1669     4474.2     4570.8
  27.384    1670     4477.1     4571.0
  27.400    1671     4479.1     4571.2
  27.417    1672     4481.1     4571.9
  27.434    1673     4483.4     4572.3
  27.451    1674     4485.9     4572.1
  27.468    1675     4487.9     4571.6
  27.484    1676     4489.5     4571.3
  27.501    1677     4492.1     4570.5
  27.518    1678     4494.2     4570.6
  27.535    1679     4496.6     4570.5
  27.552    1680     4499.2     4570.4
  27.571    1681     4501.3     4570.0
  27.587    1682     4503.4     4570.1
  27.605    1683     4505.8     4569.6
  27.621    1684     4506.6     4569.1
  27.638    1685     4508.0     4568.3
  27.655    1686     4510.5     4567.4
  27.671    1687     4511.9     4566.1
  27.688    1688     4514.3     4565.3
  27.705    1689     4517.3     4564.4
  27.722    1690     4519.6     4562.9
  27.739    1691     4521.9     4562.0
  27.756    1692     4523.5     4561.0
  27.772    1693     4525.1     4559.9
  27.789    1694     4526.1     4558.2
  27.806    1695     4528.1     4556.9
  27.823    1696     4529.7     4555.4
  27.840    1697     4531.7     4554.1
  27.857    1698     4534.3     4552.8
  27.874    1699     4537.4     4551.5
  27.891    1700     4539.9     4550.8
  27.907    1701     4542.5     4549.3
  27.924    1702     4544.8     4547.6
  27.941    1703     4548.0     4546.1
  27.958    1704     4551.2     4543.6
  27.975    1705     4554.7     4541.9
  27.992    1706     4557.8     4540.4
  28.009    1707     4560.6     4539.4
  28.025    1708     4563.4     4538.3
  28.042    1709     4564.8     4537.3
  28.058    1710     4566.6     4535.3
  28.075    1711     4568.5     4533.6
  28.092    1712     4569.9     4531.2
  28.109    1713     4571.4     4529.4
  28.126    1714     4573.5     4527.3
  28.143    1715     4575.0     4524.8
  28.160    1716     4576.8     4523.2
  28.177    1717     4578.7     4521.7
  28.193    1718     4581.1     4519.5
  28.210    1719     4583.5     4517.8
  28.227    1720     4585.8     4516.0
  28.244    1721     4588.3     4514.1
  28.261    1722     4591.0     4512.2
  28.278    1723     4593.2     4510.4
  28.295    1724     4595.0     4508.6
  28.313    1725     4596.9     4507.3
  28.329    1726     4599.5     4506.0
  28.346    1727     4602.2     4504.7
  28.363    1728     4604.8     4503.3
  28.380    1729     4607.5     4502.0
  28.396    1730     4610.7     4500.8
  28.413    1731     4613.1     4499.2
  28.430    1732     4614.6     4497.2
  28.448    1733     4617.0     4496.1
  28.464    1734     4620.0     4494.8
  28.481    1735     4622.4     4493.4
  28.498    1736     4625.6     4492.9
  28.515    1737     4628.1     4492.0
  28.532    1738     4631.0     4489.9
  28.549    1739     4633.3     4489.5
  28.566    1740     4635.4     4488.2
  28.583    1741     4637.6     4487.6
  28.599    1742     4640.7     4486.2
  28.616    1743     4642.6     4485.2
  28.633    1744     4643.9     4484.3
  28.650    1745     4647.3     4484.3
  28.667    1746     4649.8     4484.3
  28.684    1747     4652.2     4483.8
  28.701    1748     4654.4     4483.5
  28.719    1749     4656.8     4483.1
  28.735    1750     4659.7     4482.6
  28.754    1751     4663.0     4481.8
  28.770    1752     4665.4     4481.1
  28.787    1753     4668.4     4480.4
  28.805    1754     4670.3     4479.9
  28.821    1755     4672.6     4478.9
  28.838    1756     4674.0     4478.4
  28.856    1757     4676.0     4477.6
  28.872    1758     4678.7     4477.4
  28.889    1759     4680.4     4476.8
  28.906    1760     4683.6     4476.4
  28.923    1761     4686.5     4475.8
  28.940    1762     4688.6     4475.0
  28.957    1763     4691.2     4474.9
  28.974    1764     4693.8     4473.6
  28.990    1765     4697.0     4472.7
  29.007    1766     4699.9     4472.3
  29.024    1767     4702.3     4470.9
  29.041    1768     4704.9     4470.1
  29.058    1769     4707.6     4469.5
  29.075    1770     4709.1     4468.3
  29.092    1771     4711.6     4467.8
  29.110    1772     4714.6     4467.6
  29.128    1773     4716.8     4466.8
  29.146    1774     4718.7     4466.0
  29.162    1775     4721.0     4465.4
  29.178    1776     4723.9     4465.5
  29.195    1777     4725.8     4464.9
  29.213    1778     4729.0     4463.7
  29.229    1779     4731.6     4462.8
  29.245    1780     4733.9     4462.4
  29.262    1781     4736.5     4462.1
  29.280    1782     4738.8     4461.6
  29.296    1783     4740.4     4460.5
  29.313    1784     4743.2     4459.4
  29.330    1785     4746.3     4458.8
  29.347    1786     4749.1     4458.1
  29.364    1787     4751.6     4455.7
  29.380    1788     4754.9     4454.6
  29.397    1789     4757.4     4453.4
  29.414    1790     4761.3     4452.4
  29.431    1791     4765.3     4451.8
  29.448    1792     4768.5     4450.2
  29.465    1793     4772.5     4448.5
  29.482    1794     4775.6     4447.0
  29.499    1795     4779.9     4445.6
  29.516    1796     4783.7     4444.2
  29.532    1797     4788.8     4442.9
  29.549    1798     4794.0     4441.9
  29.566    1799     4797.0     4440.2
  29.583    1800     4800.8     4439.3
  29.600    1801     4803.7     4438.2
  29.617    1802     4807.3     4436.9
  29.634    1803     4810.8     4435.8
  29.651    1804     4813.4     4434.8
  29.667    1805     4816.2     4433.1
  29.684    1806     4819.3     4432.2
  29.701    1807     4822.2     4430.7
  29.720    1808     4824.2     4429.5
  29.738    1809     4826.4     4428.7
  29.754    1810     4829.5     4427.5
  29.771    1811     4832.5     4427.0
  29.787    1812     4835.3     4426.5
  29.804    1813     4838.9     4425.4
  29.821    1814     4842.9     4425.4
  29.838    1815     4846.4     4424.0
  29.855    1816     4849.7     4422.0
  29.872    1817     4854.3     4421.2
  29.889    1818     4858.3     4420.2
  29.906    1819     4862.1     4418.9
  29.923    1820     4864.8     4417.8
  29.939    1821     4868.6     4417.4
  29.956    1822     4872.3     4416.1
  29.973    1823     4875.5     4415.1
  29.990    1824     4878.9     4413.3
  30.007    1825     4883.1     4411.6
  30.024    1826     4886.5     4410.8
  30.041    1827     4889.3     4408.9
  30.058    1828     4892.5     4408.5
  30.074    1829     4896.5     4407.7
  30.091    1830     4900.0     4406.5
  30.108    1831     4903.2     4404.4
  30.125    1832     4907.7     4403.0
  30.142    1833     4912.0     4402.0
  30.159    1834     4916.8     4399.8
  30.176    1835     4921.5     4396.9
  30.193    1836     4926.7     4395.8
  30.210    1837     4931.7     4394.8
  30.226    1838     4935.1     4393.2
  30.243    1839     4938.7     4391.3
  30.262    1840     4943.6     4389.3
  30.278    1841     4948.0     4389.0
  30.295    1842     4951.7     4387.5
  30.312    1843     4955.6     4387.0
  30.329    1844     4960.9     4385.4
  30.346    1845     4965.6     4384.0
  30.362    1846     4969.8     4382.6
  30.378    1847     4973.1     4381.5
  30.395    1848     4976.7     4380.2
  30.412    1849     4981.0     4378.9
  30.429    1850     4984.9     4377.9
  30.446    1851     4988.6     4377.4
  30.463    1852     4992.3     4376.8
  30.480    1853     4996.3     4375.9
  30.496    1854     5001.2     4374.7
  30.515    1855     5005.0     4373.6
  30.531    1856     5009.3     4373.2
  30.548    1857     5013.1     4373.3
  30.565    1858     5017.6     4372.9
  30.582    1859     5022.0     4373.0
  30.599    1860     5027.0     4372.7
  30.616    1861     5030.3     4372.2
  30.632    1862     5033.7     4370.7
  30.649    1863     5037.6     4370.5
  30.668    1864     5040.5     4370.2
  30.684    1865     5043.2     4369.2
  30.701    1866     5046.0     4368.5
  30.717    1867     5048.7     4367.7
  30.733    1868     5051.6     4366.4
  30.750    1869     5055.3     4365.9
  30.768    1870     5059.3     4365.2
  30.784    1871     5062.3     4364.2
  30.801    1872     5064.8     4363.3
  30.818    1873     5067.5     4362.8
  30.835    1874     5070.3     4362.3
  30.854    1875     5072.5     4362.3
  30.870    1876     5076.3     4362.2
  30.888    1877     5080.1     4362.8
  30.904    1878     5082.7     4363.2
  30.921    1879     5085.0     4362.5
  30.938    1880     5087.2     4362.9
  30.955    1881     5089.1     4363.2
  30.972    1882     5092.3     4363.3
  30.989    1883     5094.9     4364.8
  31.006    1884     5096.9     4365.3
  31.023    1885     5098.1     4366.1
  31.039    1886     5100.2     4367.0
  31.056    1887     5102.6     4367.5
  31.073    1888     5104.0     4368.8
  31.092    1889     5106.9     4369.6
  31.108    1890     5108.7     4370.8
  31.125    1891     5110.7     4371.5
  31.142    1892     5112.8     4371.5
  31.158    1893     5114.1     4372.1
  31.175    1894     5115.7     4372.2
  31.192    1895     5117.9     4372.1
  31.210    1896     5119.8     4372.1
  31.226    1897     5122.5     4373.0
  31.245    1898     5123.9     4373.3
  31.261    1899     5125.6     4373.3
  31.278    1900     5127.5     4373.9
  31.294    1901     5130.0     4373.2
  31.311    1902     5132.3     4372.5
  31.328    1903     5134.7     4371.6
  31.345    1904     5136.8     4371.0
  31.363    1905     5138.8     4371.0
  31.380    1906     5140.9     4369.5
  31.397    1907     5143.5     4368.6
  31.414    1908     5145.7     4368.0
  31.432    1909     5148.1     4367.3
  31.448    1910     5151.3     4367.4
  31.464    1911     5153.5     4366.6
  31.482    1912     5155.8     4364.4
  31.498    1913     5158.8     4363.8
  31.515    1914     5160.9     4363.3
  31.532    1915     5163.1     4363.6
  31.550    1916     5164.5     4362.7
  31.567    1917     5166.7     4362.0
  31.584    1918     5168.2     4360.5
  31.601    1919     5169.1     4359.4
  31.617    1920     5171.6     4358.5
  31.634    1921     5173.9     4357.7
  31.651    1922     5175.3     4356.8
  31.669    1923     5177.0     4355.6
  31.684    1924     5179.1     4355.1
  31.702    1925     5181.0     4354.4
  31.719    1926     5183.2     4353.9
  31.736    1927     5186.1     4353.5
  31.754    1928     5187.9     4352.9
  31.770    1929     5190.0     4351.7
  31.787    1930     5191.3     4350.8
  31.805    1931     5193.3     4349.9
  31.820    1932     5195.2     4349.1
  31.840    1933     5197.2     4348.9
  31.856    1934     5199.3     4348.7
  31.871    1935     5201.2     4347.2
  31.889    1936     5202.8     4346.3
  31.905    1937     5204.7     4345.6
  31.922    1938     5206.4     4344.9
  31.939    1939     5208.3     4345.1
  31.955    1940     5209.9     4345.3
  31.972    1941     5211.4     4344.5
  31.989    1942     5213.5     4343.4
  32.006    1943     5215.3     4342.3
  32.024    1944     5217.9     4341.3
  32.041    1945     5218.9     4340.6
  32.057    1946     5221.2     4340.9
  32.074    1947     5223.6     4340.5
  32.090    1948     5225.3     4340.3
  32.108    1949     5227.8     4340.4
  32.126    1950     5229.8     4339.9
  32.142    1951     5230.9     4339.7
  32.160    1952     5232.0     4339.1
  32.177    1953     5234.2     4338.3
  32.196    1954     5236.9     4337.8
  32.212    1955     5239.2     4337.7
  32.228    1956     5240.6     4338.1
  32.245    1957     5243.0     4338.2
  32.262    1958     5245.7     4338.5
  32.279    1959     5248.9     4337.8
  32.296    1960     5251.4     4337.4
  32.310    1961     5253.6     4337.3
  32.328    1962     5255.2     4336.6
  32.344    1963     5258.4     4336.4
  32.361    1964     5260.2     4335.9
  32.377    1965     5263.1     4335.4
  32.394    1966     5265.2     4334.7
  32.411    1967     5268.8     4334.2
  32.428    1968     5271.6     4333.7
  32.444    1969     5274.6     4333.8
  32.461    1970     5276.4     4332.9
  32.479    1971     5278.1     4331.8
  32.497    1972     5280.6     4330.0
  32.515    1973     5282.9     4328.4
  32.531    1974     5285.6     4327.2
  32.548    1975     5286.7     4326.4
  32.567    1976     5288.1     4325.5
  32.583    1977     5290.5     4324.0
  32.600    1978     5294.1     4323.8
  32.618    1979     5296.7     4322.4
  32.633    1980     5300.6     4321.7
  32.653    1981     5302.8     4319.7
  32.668    1982     5306.1     4318.6
  32.685    1983     5310.5     4317.8
  32.701    1984     5313.6     4317.1
  32.718    1985     5316.1     4315.6
  32.735    1986     5319.4     4314.2
  32.753    1987     5323.2     4313.9
  32.768    1988     5327.0     4313.8
  32.785    1989     5329.3     4312.7
  32.802    1990     5332.0     4311.5
  32.819    1991     5335.8     4310.5
  32.836    1992     5339.3     4308.7
  32.854    1993     5342.3     4308.4
  32.870    1994     5344.5     4306.9
  32.887    1995     5348.4     4306.0
  32.903    1996     5351.4     4304.9
  32.920    1997     5353.6     4303.3
  32.937    1998     5355.5     4301.7
  32.954    1999     5357.8     4300.3
  32.971    2000     5359.6     4298.7
  32.988    2001     5363.0     4297.2
  33.005    2002     5365.5     4295.5
  33.022    2003     5368.0     4294.0
  33.038    2004     5370.4     4292.5
  33.055    2005     5373.2     4290.8
  33.072    2006     5375.7     4289.4
  33.089    2007     5378.4     4287.8
  33.106    2008     5381.7     4286.6
  33.123    2009     5385.3     4285.2
  33.140    2010     5388.3     4284.6
  33.157    2011     5392.0     4283.1
  33.173    2012     5395.1     4281.5
  33.190    2013     5398.1     4279.9
  33.207    2014     5400.4     4278.6
  33.224    2015     5403.2     4277.1
  33.241    2016     5406.0     4276.6
  33.258    2017     5408.4     4275.9
  33.275    2018     5411.4     4274.4
  33.292    2019     5414.0     4272.6
  33.308    2020     5416.0     4271.7
  33.326    2021     5417.0     4269.2
  33.342    2022     5419.1     4267.2
  33.360    2023     5420.6     4264.5
  33.376    2024     5423.6     4263.2
  33.393    2025     5425.3     4260.9
  33.410    2026     5428.5     4259.4
  33.427    2027     5430.6     4257.4
  33.445    2028     5433.1     4255.9
  33.465    2029     5435.6     4254.2
  33.481    2030     5437.9     4252.7
  33.501    2031     5440.3     4251.5
  33.517    2032     5442.7     4250.3
  33.534    2033     5445.2     4248.7
  33.550    2034     5447.4     4246.7
  33.569    2035     5449.5     4245.3
  33.587    2036     5451.2     4244.0
  33.603    2037     5452.9     4241.6
  33.619    2038     5454.9     4238.9
  33.636    2039     5457.3     4237.6
  33.653    2040     5459.2     4236.1
  33.669    2041     5461.6     4234.4
  33.686    2042     5463.5     4232.6
  33.706    2043     5465.3     4230.8
  33.721    2044     5467.6     4230.1
  33.738    2045     5469.1     4230.0
  33.755    2046     5471.6     4228.6
  33.772    2047     5473.6     4227.2
  33.789    2048     5475.1     4226.2
  33.805    2049     5476.6     4225.4
  33.821    2050     5478.1     4225.2
  33.840    2051     5479.4     4224.6
  33.858    2052     5480.1     4223.6
  33.876    2053     5481.9     4222.4
  33.892    2054     5483.4     4220.9
  33.910    2055     5485.4     4219.6
  33.926    2056     5486.2     4217.7
  33.943    2057     5488.8     4215.7
  33.960    2058     5490.3     4214.2
  33.978    2059     5492.9     4212.0
  33.994    2060     5495.3     4210.4
  34.011    2061     5497.9     4209.1
  34.028    2062     5500.6     4207.7
  34.045    2063     5503.2     4206.0
  34.061    2064     5505.0     4204.0
  34.078    2065     5507.8     4203.5
  34.095    2066     5510.4     4202.1
  34.112    2067     5512.4     4200.4
  34.129    2068     5514.8     4199.5
  34.146    2069     5517.3     4198.4
  34.163    2070     5520.7     4197.0
  34.180    2071     5522.8     4197.2
  34.196    2072     5524.5     4196.0
  34.213    2073     5527.8     4196.1
  34.231    2074     5530.9     4195.1
  34.247    2075     5533.1     4194.8
  34.264    2076     5536.3     4193.9
  34.281    2077     5539.2     4192.7
  34.298    2078     5541.9     4192.3
  34.315    2079     5544.7     4191.8
  34.331    2080     5547.4     4191.8
  34.348    2081     5551.4     4191.4
  34.365    2082     5553.2     4189.4
  34.382    2083     5555.1     4187.7
  34.398    2084     5557.8     4186.4
  34.415    2085     5560.6     4185.6
  34.432    2086     5564.1     4184.7
  34.449    2087     5568.1     4184.1
  34.466    2088     5571.5     4183.8
  34.482    2089     5574.1     4182.6
  34.499    2090     5577.2     4181.5
  34.516    2091     5580.5     4181.3
  34.533    2092     5583.4     4180.3
  34.550    2093     5586.9     4180.6
  34.567    2094     5589.3     4179.4
  34.584    2095     5592.1     4179.2
  34.601    2096     5595.0     4178.2
  34.618    2097     5597.4     4178.3
  34.635    2098     5600.7     4177.6
  34.652    2099     5603.6     4177.5
  34.669    2100     5606.8     4177.5
  34.686    2101     5609.8     4177.0
  34.703    2102     5612.1     4176.7
  34.719    2103     5615.4     4176.6
  34.736    2104     5618.1     4176.2
  34.753    2105     5621.2     4176.2
  34.769    2106     5623.7     4175.8
  34.786    2107     5626.8     4174.6
  34.803    2108     5629.4     4174.2
  34.820    2109     5631.4     4172.9
  34.837    2110     5634.0     4173.0
  34.854    2111     5635.9     4172.2
  34.871    2112     5637.2     4170.3
  34.888    2113     5639.1     4168.5
  34.905    2114     5641.2     4167.5
  34.922    2115     5642.4     4165.4
  34.939    2116     5644.7     4163.2
  34.956    2117     5646.2     4161.0
  34.973    2118     5648.6     4159.7
  34.990    2119     5649.7     4157.9
  35.007    2120     5650.4     4155.4
  35.022    2121     5651.3     4153.6
  35.039    2122     5653.3     4152.0
  35.055    2123     5654.9     4149.9
  35.072    2124     5656.9     4147.5
  35.089    2125     5659.8     4145.7
  35.106    2126     5662.4     4143.6
  35.123    2127     5664.0     4141.1
  35.140    2128     5666.2     4139.6
  35.158    2129     5669.0     4137.5
  35.173    2130     5672.1     4136.1
  35.190    2131     5675.6     4135.3
  35.208    2132     5678.5     4133.0
  35.224    2133     5681.1     4131.2
  35.240    2134     5684.0     4129.8
  35.257    2135     5686.0     4128.1
  35.273    2136     5688.6     4126.5
  35.290    2137     5691.2     4125.1
  35.308    2138     5694.0     4123.9
  35.325    2139     5696.9     4121.8
  35.341    2140     5699.6     4120.8
  35.358    2141     5702.6     4119.8
  35.375    2142     5705.6     4118.4
  35.392    2143     5708.4     4116.7
  35.411    2144     5711.1     4114.9
  35.428    2145     5713.9     4113.6
  35.445    2146     5717.3     4111.3
  35.463    2147     5720.2     4109.5
  35.479    2148     5723.4     4108.1
  35.498    2149     5725.8     4106.6
  35.515    2150     5728.9     4105.0
  35.532    2151     5732.1     4103.4
  35.549    2152     5734.1     4101.1
  35.566    2153     5736.4     4098.9
  35.582    2154     5738.5     4097.4
  35.599    2155     5741.2     4095.3
  35.615    2156     5744.1     4093.8
  35.632    2157     5746.4     4090.9
  35.649    2158     5749.7     4088.7
  35.666    2159     5752.6     4086.1
  35.684    2160     5754.4     4082.9
  35.700    2161     5755.8     4080.7
  35.716    2162     5758.3     4078.6
  35.733    2163     5760.3     4077.3
  35.750    2164     5762.8     4074.7
  35.767    2165     5767.0     4073.5
  35.784    2166     5771.1     4073.2
  35.801    2167     5775.6     4074.4
  35.818    2168     5781.1     4075.5
  35.835    2169     5785.6     4075.4
  35.852    2170     5789.9     4076.0
  35.868    2171     5793.9     4076.7
  35.886    2172     5797.9     4076.9
  35.902    2173     5802.0     4077.0
  35.919    2174     5806.2     4077.0
  35.936    2175     5809.5     4076.8
  35.953    2176     5813.3     4077.4
  35.971    2177     5816.2     4077.0
  35.987    2178     5820.5     4077.7
  36.006    2179     5824.2     4077.6
  36.023    2180     5827.5     4077.5
  36.040    2181     5830.2     4076.0
  36.057    2182     5834.1     4075.4
  36.074    2183     5836.8     4075.7
  36.091    2184     5839.2     4075.1
  36.108    2185     5842.5     4074.9
  36.123    2186     5844.8     4073.7
  36.140    2187     5847.9     4072.9
  36.157    2188     5849.8     4071.1
  36.174    2189     5852.7     4070.5
  36.193    2190     5854.6     4070.0
  36.211    2191     5856.7     4068.9
  36.229    2192     5859.3     4068.5
  36.245    2193     5862.6     4068.1
  36.262    2194     5865.0     4067.5
  36.279    2195     5867.7     4066.9
  36.296    2196     5870.7     4065.7
  36.312    2197     5873.4     4065.5
  36.329    2198     5875.6     4064.8
  36.347    2199     5877.1     4063.5
  36.364    2200     5878.7     4062.7
  36.380    2201     5880.8     4060.9
  36.398    2202     5883.0     4060.3
  36.415    2203     5885.4     4059.5
  36.432    2204     5887.9     4058.5
  36.449    2205     5890.4     4057.9
  36.466    2206     5892.7     4057.9
  36.482    2207     5894.8     4057.3
  36.501    2208     5896.3     4056.1
  36.517    2209     5898.6     4056.1
  36.534    2210     5900.5     4055.0
  36.551    2211     5902.2     4053.5
  36.568    2212     5904.5     4053.1
  36.585    2213     5907.0     4052.4
  36.602    2214     5908.1     4052.1
  36.618    2215     5910.1     4051.1
  36.635    2216     5912.8     4050.3
  36.652    2217     5915.0     4050.4
  36.669    2218     5916.8     4049.6
  36.686    2219     5918.9     4049.0
  36.703    2220     5919.8     4048.0
  36.719    2221     5921.0     4047.1
  36.736    2222     5923.1     4047.1
  36.752    2223     5924.3     4046.0
  36.769    2224     5926.9     4045.9
  36.786    2225     5928.5     4045.0
  36.803    2226     5929.5     4044.7
  36.820    2227     5931.5     4044.5
  36.837    2228     5932.8     4043.2
  36.854    2229     5934.7     4042.5
  36.871    2230     5936.9     4042.9
  36.887    2231     5938.2     4042.1
  36.904    2232     5940.0     4041.6
  36.921    2233     5940.9     4040.9
  36.940    2234     5941.2     4040.3
  36.956    2235     5942.8     4040.4
  36.973    2236     5944.2     4039.7
  36.990    2237     5945.7     4039.3
  37.006    2238     5946.4     4038.5
  37.023    2239     5948.0     4037.9
  37.040    2240     5948.9     4037.3
  37.057    2241     5951.1     4037.1
  37.074    2242     5952.5     4037.4
  37.091    2243     5954.1     4037.6
  37.108    2244     5956.0     4037.7
  37.125    2245     5957.3     4037.3
  37.142    2246     5958.6     4036.3
  37.159    2247     5959.4     4035.3
  37.175    2248     5961.1     4034.5
  37.192    2249     5962.6     4034.9
  37.209    2250     5963.5     4035.6
  37.226    2251     5965.1     4035.0
  37.243    2252     5966.5     4034.7
  37.260    2253     5967.6     4033.6
  37.277    2254     5969.6     4033.6
  37.293    2255     5969.9     4033.3
  37.311    2256     5971.4     4032.9
  37.328    2257     5973.2     4031.9
  37.344    2258     5974.3     4031.6
  37.361    2259     5975.4     4031.3
  37.378    2260     5976.4     4030.3
  37.396    2261     5977.6     4029.3
  37.413    2262     5978.3     4028.8
  37.429    2263     5979.7     4028.6
  37.446    2264     5980.9     4027.9
  37.463    2265     5981.6     4027.0
  37.480    2266     5982.3     4027.5
  37.497    2267     5983.5     4027.0
  37.514    2268     5985.1     4026.3
  37.530    2269     5986.3     4025.9
  37.547    2270     5986.8     4026.2
  37.565    2271     5988.6     4026.1
  37.583    2272     5989.8     4025.2
  37.599    2273     5989.9     4024.8
  37.616    2274     5990.8     4023.4
  37.633    2275     5991.6     4022.9
  37.651    2276     5992.7     4022.9
  37.667    2277     5994.2     4022.4
  37.684    2278     5994.9     4021.4
  37.701    2279     5996.4     4021.2
  37.718    2280     5997.2     4020.1
  37.734    2281     5998.8     4019.6
  37.751    2282     5999.6     4019.1
  37.768    2283     6000.7     4019.1
  37.785    2284     6001.9     4019.1
  37.801    2285     6001.5     4018.9
  37.818    2286     6002.0     4018.5
  37.835    2287     6003.1     4018.5
  37.852    2288     6003.7     4017.6
  37.869    2289     6004.6     4016.7
  37.886    2290     6005.2     4016.2
  37.903    2291     6005.1     4015.9
  37.920    2292     6006.5     4015.4
  37.937    2293     6007.1     4014.4
  37.953    2294     6007.7     4013.1
  37.970    2295     6008.4     4013.0
  37.987    2296     6009.4     4012.7
  38.004    2297     6010.4     4012.9
  38.021    2298     6011.3     4012.6
  38.038    2299     6011.2     4012.0
  38.054    2300     6011.1     4011.8
  38.071    2301     6013.2     4011.9
  38.088    2302     6013.8     4011.7
  38.104    2303     6014.6     4011.1
  38.122    2304     6015.6     4011.2
  38.138    2305     6015.8     4010.7
  38.156    2306     6016.8     4010.3
  38.172    2307     6018.1     4009.7
  38.190    2308     6019.4     4009.9
  38.206    2309     6020.5     4009.3
  38.224    2310     6022.6     4009.3
  38.240    2311     6023.0     4008.6
  38.258    2312     6024.1     4008.8
  38.275    2313     6024.8     4008.4
  38.291    2314     6025.5     4007.7
  38.308    2315     6026.2     4007.1
  38.325    2316     6027.2     4006.5
  38.342    2317     6028.2     4005.7
  38.359    2318     6029.1     4005.9
  38.376    2319     6029.6     4004.9
  38.393    2320     6029.0     4003.7
  38.410    2321     6029.3     4004.1
  38.427    2322     6030.2     4003.9
  38.443    2323     6030.9     4004.0
  38.460    2324     6030.9     4003.9
  38.477    2325     6031.0     4003.8
  38.493    2326     6031.2     4003.9
  38.509    2327     6031.6     4004.1
  38.526    2328     6031.5     4003.2
[ROBOT] Đã dừng điều khiển xe.

[✓] Dừng. 2328 frames. Log → kf_log.csv
