Standard EKF — UWB Realtime
  Q=0.01 mm²   R=50.0 mm²
  Anchors : ['0x1001', '0x1002', '0x1003', '0x1004']
  Height  : 1400.0 mm

Đang kết nối /dev/serial/by-id/usb-SEGGER_J-Link_000760192143-if00 @ 921600...
OK. Đang chờ dữ liệu... (Ctrl+C để dừng)

[ROBOT] Đã kết nối STM32 @ /dev/serial/by-id/usb-STMicroelectronics_BLUEPILL_F103C8_CDC_in_FS_Mode_498E169E3634-if00. Điều khiển xe bắt đầu.
 Time(s)   Frame      X(mm)      Y(mm)
----------------------------------------
[EKF] init  x=96.2  y=863.6
   0.002       1       18.4      918.2
   0.005       2       30.4      894.5
   0.008       3       39.5      840.9
   0.010       4       36.1      854.4
   0.013       5       39.9      884.2
   0.016       6       44.2      861.8
   0.019       7       48.9      837.1
   0.022       8       51.6      842.2
   0.025       9       46.0      850.5
   0.028      10       44.4      855.3
   0.030      11       43.9      847.5
   0.033      12       44.8      852.4
   0.036      13       41.7      857.0
   0.039      14       42.9      860.8
   0.042      15       42.2      851.7
   0.045      16       43.8      847.3
   0.047      17       44.9      850.7
   0.050      18       47.3      850.3
   0.053      19       46.9      855.2
   0.056      20       48.8      858.6
   0.059      21       52.2      855.3
   0.061      22       52.9      866.2
   0.064      23       53.5      865.3
   0.067      24       55.4      861.3
   0.070      25       59.1      864.9
   0.074      26       59.9      860.2
   0.077      27       59.4      855.6
   0.080      28       61.5      852.7
   0.083      29       63.7      850.5
   0.086      30       66.7      849.8
   0.089      31       67.6      845.7
   0.092      32       67.8      848.3
   0.095      33       69.2      851.5
   0.098      34       68.5      849.7
   0.100      35       70.6      848.6
   0.103      36       71.6      844.7
   0.106      37       71.7      841.5
   0.109      38       71.9      844.6
   0.112      39       71.0      847.7
   0.114      40       70.6      849.6
   0.117      41       70.7      851.6
   0.120      42       71.8      849.1
   0.123      43       74.5      847.5
   0.126      44       76.8      850.3
   0.129      45       78.1      852.4
   0.132      46       80.2      849.3
   0.135      47       81.9      847.0
   0.137      48       83.8      850.0
   0.140      49       86.4      849.3
   0.143      50       87.5      847.4
   0.146      51       89.7      847.1
   0.149      52       91.7      849.8
   0.151      53       93.9      853.4
   0.154      54       95.5      852.7
   0.157      55       97.8      851.8
   0.160      56       98.7      857.8
   0.163      57       99.4      857.1
   0.166      58      100.1      857.4
   0.169      59      100.8      859.9
   0.172      60      101.8      864.3
   0.175      61      101.6      866.2
   0.178      62      101.9      871.6
   0.180      63       95.8      869.3
   0.183      64       95.7      869.0
   0.188      65       89.9      868.1
   0.207      66       84.5      868.2
   0.223      67       80.1      867.5
   0.240      68       76.4      866.3
   0.258      69       72.4      864.8
   0.274      70       74.5      867.7
   0.291      71       77.3      871.2
   0.308      72       79.4      874.5
   0.327      73       81.7      878.0
   0.343      74       82.9      876.5
   0.360      75       83.9      874.5
   0.378      76       85.1      873.0
   0.394      77       85.1      871.0
   0.413      78       85.3      872.3
   0.430      79       85.6      870.6
   0.446      80       87.4      869.8
   0.463      81       88.8      869.1
   0.482      82       90.4      867.4
   0.498      83       91.5      866.8
   0.515      84       92.4      866.0
   0.531      85       94.6      868.0
   0.548      86       96.4      866.9
   0.565      87       98.8      866.6
   0.582      88      100.6      866.3
   0.599      89      102.8      865.3
   0.616      90      104.8      865.0
   0.633      91      107.1      867.4
   0.651      92      110.0      870.0
   0.669      93      113.0      869.2
   0.687      94      116.0      868.8
   0.703      95      118.0      870.9
   0.720      96      119.0      869.3
   0.738      97      120.2      866.8
   0.755      98      121.6      867.3
   0.772      99      123.2      866.1
   0.788     100      124.9      864.8
   0.805     101      126.0      863.5
   0.822     102      127.6      861.9
   0.839     103      129.2      860.3
   0.856     104      131.7      858.9
   0.873     105      134.0      857.0
   0.890     106      136.7      858.0
   0.907     107      139.0      857.7
   0.923     108      141.2      855.6
   0.940     109      143.3      855.7
   0.957     110      145.8      853.1
   0.976     111      148.0      851.3
   0.992     112      150.2      849.8
   1.009     113      152.7      848.2
   1.044     114      155.6      848.8
   1.047     115      158.5      849.7
   1.059     116      161.2      847.6
   1.076     117      163.8      848.1
   1.093     118      166.5      846.4
   1.110     119      168.9      847.6
   1.127     120      171.5      844.6
   1.146     121      173.9      841.5
   1.162     122      176.1      841.7
   1.179     123      178.7      842.4
   1.195     124      180.6      840.4
   1.212     125      182.6      840.2
   1.229     126      184.4      839.8
   1.246     127      186.8      840.1
   1.263     128      189.6      841.2
   1.280     129      191.6      843.8
   1.297     130      193.8      845.0
   1.314     131      195.9      847.7
   1.331     132      198.4      849.1
   1.349     133      200.6      850.5
   1.365     134      202.6      851.4
   1.384     135      204.5      852.0
   1.400     136      207.1      853.5
   1.417     137      209.6      856.1
   1.434     138      212.3      856.5
   1.451     139      214.0      857.4
   1.469     140      216.4      859.8
   1.485     141      218.6      861.5
   1.502     142      220.9      863.4
   1.519     143      222.8      863.6
   1.536     144      225.0      863.7
   1.553     145      227.0      862.5
   1.570     146      222.9      859.0
   1.588     147      224.8      859.3
   1.604     148      227.2      859.7
   1.621     149      230.1      860.5
   1.638     150      232.5      861.0
   1.655     151      235.3      859.8
   1.672     152      239.0      861.2
   1.688     153      241.5      859.5
   1.706     154      243.7      859.9
   1.723     155      246.6      863.3
   1.739     156      249.3      862.0
   1.755     157      251.6      862.6
   1.772     158      253.3      860.9
   1.789     159      255.1      861.0
   1.806     160      257.2      861.3
   1.823     161      259.2      862.4
   1.841     162      261.5      866.3
   1.858     163      263.8      867.1
   1.875     164      265.7      867.6
   1.891     165      268.8      870.4
   1.908     166      270.7      871.4
   1.925     167      272.9      869.7
   1.944     168      274.1      869.9
   1.962     169      275.7      870.1
   1.978     170      277.6      870.9
   1.996     171      279.6      871.0
   2.012     172      281.6      868.9
   2.029     173      283.3      867.2
   2.048     174      285.7      870.7
   2.064     175      287.6      869.3
   2.081     176      289.5      869.6
   2.099     177      291.3      872.4
   2.116     178      293.9      874.6
   2.132     179      295.7      877.7
   2.149     180      297.2      881.7
   2.166     181      299.6      884.7
   2.183     182      301.9      888.0
   2.200     183      304.5      891.3
   2.217     184      307.0      894.6
   2.234     185      310.1      897.1
   2.251     186      312.6      899.3
   2.268     187      314.3      901.9
   2.284     188      317.1      905.1
   2.301     189      319.6      905.6
   2.318     190      321.9      908.3
   2.337     191      324.1      911.2
   2.352     192      326.7      914.1
   2.369     193      329.8      917.1
   2.386     194      332.7      918.9
   2.403     195      334.9      921.3
   2.419     196      337.8      924.1
   2.436     197      340.6      926.1
   2.453     198      343.0      929.0
   2.470     199      345.2      930.8
   2.487     200      347.1      932.9
   2.504     201      348.6      935.1
   2.521     202      351.3      937.1
   2.538     203      353.9      939.7
   2.554     204      356.3      941.8
   2.571     205      359.1      943.6
   2.588     206      361.2      945.5
   2.605     207      363.7      947.7
   2.622     208      366.4      949.0
   2.639     209      369.1      950.6
   2.656     210      372.1      952.1
   2.673     211      374.9      952.4
   2.690     212      378.1      953.0
   2.706     213      381.0      954.0
   2.723     214      384.2      955.4
   2.742     215      388.1      956.1
   2.760     216      391.4      956.6
   2.777     217      394.8      957.3
   2.794     218      398.1      958.6
   2.811     219      401.0      958.7
   2.828     220      404.2      958.9
   2.844     221      407.9      958.9
   2.859     222      411.2      959.4
   2.876     223      414.7      959.6
   2.893     224      418.3      960.2
   2.910     225      416.3      956.5
   2.927     226      419.3      957.6
   2.944     227      422.2      957.5
   2.961     228      425.1      957.3
   2.979     229      428.2      958.0
   2.995     230      431.2      958.6
   3.011     231      434.6      960.0
   3.028     232      437.9      960.8
   3.045     233      441.6      961.8
   3.062     234      444.6      961.1
   3.079     235      447.1      959.6
   3.096     236      450.3      960.2
   3.113     237      453.3      958.1
   3.129     238      456.8      959.2
   3.146     239      458.2      955.8
   3.163     240      460.4      953.1
   3.180     241      461.5      950.4
   3.197     242      463.5      947.0
   3.216     243      465.1      945.4
   3.232     244      462.0      940.4
   3.251     245      458.3      936.1
   3.269     246      454.9      933.1
   3.285     247      453.2      931.3
   3.302     248      450.9      928.8
   3.319     249      454.9      929.9
   3.336     250      453.0      927.4
   3.352     251      452.0      925.2
   3.370     252      449.2      920.5
   3.387     253      445.9      915.2
   3.403     254      450.9      914.8
   3.421     255      453.9      915.6
   3.438     256      457.4      914.5
   3.455     257      459.3      911.3
   3.472     258      463.1      912.2
   3.488     259      466.7      912.9
   3.505     260      469.0      911.6
   3.522     261      472.6      913.0
   3.539     262      475.0      911.7
   3.556     263      479.1      913.2
   3.573     264      477.6      910.6
   3.590     265      480.4      909.5
   3.607     266      482.7      907.1
   3.623     267      486.0      905.8
   3.640     268      483.7      900.3
   3.657     269      481.6      896.4
   3.673     270      480.5      894.1
   3.690     271      479.9      891.5
   3.707     272      478.9      888.6
   3.724     273      478.1      886.5
   3.741     274      482.9      888.1
   3.758     275      487.3      889.7
   3.775     276      491.4      891.1
   3.793     277      496.3      892.8
   3.810     278      500.8      894.2
   3.826     279      505.3      896.1
   3.843     280      510.1      897.2
   3.861     281      514.9      897.8
   3.877     282      519.0      899.8
   3.894     283      523.9      900.9
   3.911     284      529.2      901.2
   3.928     285      532.8      902.2
   3.945     286      537.1      903.3
   3.962     287      540.4      904.4
   3.978     288      543.9      906.1
   3.995     289      547.0      907.6
   4.012     290      550.4      908.8
   4.030     291      553.1      909.6
   4.046     292      555.7      911.5
   4.063     293      558.5      911.4
   4.080     294      561.2      913.1
   4.096     295      563.9      913.8
   4.113     296      567.7      911.6
   4.130     297      570.6      913.6
   4.147     298      574.5      907.9
   4.164     299      578.8      903.0
   4.181     300      582.7      897.9
   4.198     301      586.7      892.8
   4.215     302      590.0      888.4
   4.232     303      594.2      883.9
   4.248     304      598.0      879.0
   4.265     305      601.4      874.7
   4.281     306      605.1      870.4
   4.298     307      608.4      866.4
   4.315     308      610.9      862.1
   4.332     309      613.8      857.4
   4.350     310      616.5      852.2
   4.367     311      619.1      847.2
   4.383     312      622.7      843.0
   4.400     313      626.3      838.8
   4.417     314      629.2      834.1
   4.434     315      633.0      829.9
   4.451     316      636.4      827.1
   4.468     317      640.2      823.3
   4.485     318      643.8      820.3
   4.502     319      647.3      816.6
   4.519     320      651.1      813.4
   4.535     321      655.2      810.1
   4.552     322      658.9      807.6
   4.570     323      662.8      804.1
   4.586     324      665.8      801.6
   4.603     325      669.9      798.7
   4.620     326      673.4      795.7
   4.637     327      677.9      792.4
   4.654     328      682.1      789.2
   4.670     329      686.5      786.5
   4.687     330      690.6      783.1
   4.704     331      693.7      779.8
   4.721     332      696.7      781.8
   4.738     333      700.6      782.9
   4.755     334      703.2      783.8
   4.772     335      706.1      784.9
   4.789     336      709.0      785.8
   4.805     337      711.7      787.2
   4.823     338      714.3      788.0
   4.839     339      716.1      793.4
   4.856     340      718.9      794.8
   4.873     341      720.7      799.0
   4.890     342      722.5      804.7
   4.907     343      725.1      809.6
   4.924     344      726.7      813.4
   4.941     345      729.5      818.2
   4.957     346      731.3      822.6
   4.974     347      732.8      827.5
   4.991     348      735.0      831.7
   5.008     349      737.0      835.3
   5.025     350      739.2      839.4
   5.042     351      741.5      843.6
   5.060     352      743.8      847.2
   5.076     353      746.3      851.7
   5.092     354      749.0      854.8
   5.110     355      751.1      859.0
   5.126     356      753.4      862.9
   5.143     357      755.5      866.7
   5.161     358      758.7      869.6
   5.177     359      760.4      872.9
   5.195     360      763.1      876.3
   5.212     361      764.9      879.2
   5.230     362      767.3      882.0
   5.246     363      770.6      885.4
   5.263     364      773.7      887.7
   5.280     365      776.1      889.9
   5.297     366      778.1      892.4
   5.314     367      780.6      893.4
   5.331     368      783.2      895.1
   5.348     369      785.9      896.2
   5.368     370      788.1      897.4
   5.384     371      790.9      897.6
   5.403     372      793.7      899.5
   5.419     373      795.8      900.7
   5.436     374      798.9      902.1
   5.453     375      801.3      903.7
   5.471     376      803.0      904.8
   5.487     377      805.6      905.5
   5.504     378      808.4      906.5
   5.521     379      811.8      907.2
   5.538     380      813.3      908.4
   5.555     381      815.3      908.6
   5.572     382      818.2      909.3
   5.589     383      820.3      909.8
   5.605     384      822.7      910.8
   5.622     385      825.7      910.8
   5.639     386      828.8      910.7
   5.656     387      831.6      910.7
   5.673     388      834.7      911.6
   5.690     389      838.4      911.6
   5.707     390      841.6      911.6
   5.724     391      844.2      911.9
   5.740     392      847.9      911.7
   5.757     393      851.2      911.8
   5.774     394      854.7      910.5
   5.791     395      858.1      910.6
   5.808     396      862.5      910.6
   5.827     397      866.2      911.2
   5.843     398      870.3      911.0
   5.860     399      873.8      911.1
   5.876     400      877.4      911.6
   5.893     401      880.9      911.4
   5.910     402      884.4      911.7
   5.927     403      887.9      911.8
   5.944     404      890.9      912.2
   5.961     405      893.8      912.4
   5.978     406      897.0      912.4
   5.995     407      901.0      912.1
   6.013     408      905.6      911.9
   6.031     409      909.3      912.1
   6.047     410      911.8      911.8
   6.064     411      914.9      912.3
   6.081     412      917.7      912.6
   6.098     413      921.5      911.9
   6.115     414      924.3      912.1
   6.132     415      927.5      911.8
   6.148     416      931.1      912.0
   6.166     417      935.6      911.5
   6.182     418      939.0      911.0
   6.201     419      942.3      911.1
   6.217     420      945.3      911.7
   6.234     421      948.5      911.7
   6.254     422      952.2      911.7
   6.272     423      955.5      911.7
   6.288     424      958.7      911.2
   6.305     425      961.6      910.9
   6.322     426      964.8      910.3
   6.339     427      967.5      909.4
   6.356     428      971.2      909.0
   6.376     429      974.8      908.7
   6.395     430      964.1      897.6
   6.415     431      954.0      886.5
   6.435     432      943.8      876.1
   6.451     433      947.3      876.8
   6.470     434      951.2      876.4
   6.486     435      955.0      876.2
   6.503     436      958.8      875.6
   6.521     437      962.5      874.9
   6.538     438      966.1      874.0
   6.554     439      969.8      873.3
   6.570     440      974.1      872.9
   6.588     441      978.8      871.8
   6.605     442      983.3      872.0
   6.621     443      986.9      872.1
   6.639     444      990.4      871.1
   6.655     445      993.5      870.0
   6.672     446      996.9      869.7
   6.689     447     1001.5      868.6
   6.705     448     1005.6      869.4
   6.722     449     1009.6      870.1
   6.739     450     1013.3      870.2
   6.756     451     1017.4      869.3
   6.773     452     1021.4      869.0
   6.790     453     1024.6      869.4
   6.807     454     1027.4      869.2
   6.824     455     1030.0      869.3
   6.842     456     1033.1      870.8
   6.859     457     1035.9      870.9
   6.875     458     1038.8      870.9
   6.893     459     1041.7      871.5
   6.909     460     1045.0      871.8
   6.926     461     1047.7      872.6
   6.943     462     1051.2      873.7
   6.962     463     1054.9      875.0
   6.978     464     1059.9      875.4
   6.996     465     1064.6      877.0
   7.012     466     1068.0      878.3
   7.029     467     1072.2      879.2
   7.048     468     1076.5      880.9
   7.064     469     1081.1      882.3
   7.082     470     1085.4      884.3
   7.098     471     1090.4      880.5
   7.117     472     1093.6      880.9
   7.133     473     1098.1      879.0
   7.149     474     1101.9      877.1
   7.166     475     1105.3      876.8
   7.184     476     1110.2      874.2
   7.201     477     1114.8      869.2
   7.218     478     1121.1      862.5
   7.234     479     1126.4      857.6
   7.251     480     1131.2      853.0
   7.268     481     1134.8      851.1
   7.284     482     1139.4      847.5
   7.301     483     1143.9      842.9
   7.319     484     1147.9      839.1
   7.335     485     1153.4      834.7
   7.352     486     1157.4      830.6
   7.368     487     1161.8      827.0
   7.387     488     1166.1      822.6
   7.403     489     1170.3      819.1
   7.420     490     1174.3      815.9
   7.438     491     1179.3      812.8
   7.454     492     1184.4      809.7
   7.472     493     1188.5      808.1
   7.488     494     1193.0      805.9
   7.504     495     1197.7      803.4
   7.522     496     1202.0      801.0
   7.538     497     1206.7      798.4
   7.555     498     1211.3      796.8
   7.573     499     1215.8      794.5
   7.590     500     1219.3      793.0
   7.606     501     1223.0      791.8
   7.623     502     1226.8      790.7
   7.639     503     1230.1      789.4
   7.656     504     1233.5      788.0
   7.674     505     1237.5      787.0
   7.690     506     1240.0      786.3
   7.707     507     1244.0      783.8
   7.724     508     1247.2      782.0
   7.741     509     1250.6      780.1
   7.758     510     1254.3      778.4
   7.774     511     1258.1      777.5
   7.793     512     1262.0      776.3
   7.809     513     1264.7      775.1
   7.826     514     1267.7      773.2
   7.843     515     1271.4      771.4
   7.860     516     1274.6      769.7
   7.878     517     1277.6      768.1
   7.895     518     1281.6      766.6
   7.911     519     1284.0      768.3
   7.928     520     1286.6      769.6
   7.945     521     1290.4      766.8
   7.962     522     1292.3      769.7
   7.979     523     1296.6      767.3
   7.995     524     1299.4      767.2
   8.012     525     1301.2      768.5
   8.029     526     1302.2      769.6
   8.046     527     1303.4      771.5
   8.062     528     1305.0      773.0
   8.079     529     1306.5      774.2
   8.096     530     1307.9      775.4
   8.113     531     1309.4      777.5
   8.130     532     1310.8      780.2
   8.147     533     1311.7      782.4
   8.164     534     1312.4      785.1
   8.181     535     1314.1      787.2
   8.197     536     1316.1      790.1
   8.214     537     1318.6      791.7
   8.231     538     1320.2      793.3
   8.248     539     1321.7      795.9
   8.265     540     1323.2      798.7
   8.282     541     1325.3      800.5
   8.299     542     1327.0      802.7
   8.316     543     1327.7      805.5
   8.332     544     1328.9      808.7
   8.349     545     1329.9      812.0
   8.366     546     1330.0      815.5
   8.383     547     1330.6      818.4
   8.400     548     1330.8      821.6
   8.416     549     1332.2      825.7
   8.433     550     1334.0      829.7
   8.450     551     1335.3      833.0
   8.467     552     1336.7      835.9
   8.485     553     1338.2      838.8
   8.502     554     1339.8      842.1
   8.519     555     1342.0      843.4
   8.536     556     1344.3      845.7
   8.552     557     1345.1      848.2
   8.570     558     1346.6      850.4
   8.586     559     1348.2      851.7
   8.603     560     1349.3      851.8
   8.619     561     1350.5      851.5
   8.636     562     1351.6      851.7
   8.653     563     1352.1      851.1
   8.672     564     1353.1      851.5
   8.689     565     1356.7      847.2
   8.705     566     1357.3      846.5
   8.722     567     1360.5      845.2
   8.740     568     1362.7      847.7
   8.756     569     1366.7      843.1
   8.773     570     1370.7      838.1
   8.790     571     1371.6      840.3
   8.807     572     1374.7      838.7
   8.825     573     1375.5      837.3
   8.841     574     1376.9      840.2
   8.858     575     1376.7      843.0
   8.874     576     1379.7      845.3
   8.891     577     1380.8      848.5
   8.908     578     1386.4      846.4
   8.925     579     1393.1      845.4
   8.942     580     1398.1      847.7
   8.959     581     1404.3      846.1
   8.977     582     1410.2      844.5
   8.994     583     1416.4      844.8
   9.011     584     1422.2      845.8
   9.027     585     1428.1      846.6
   9.044     586     1434.4      847.3
   9.061     587     1441.2      846.9
   9.078     588     1447.9      846.4
   9.095     589     1455.7      844.4
   9.112     590     1462.1      843.3
   9.129     591     1470.4      840.3
   9.146     592     1478.3      836.1
   9.162     593     1485.4      832.8
   9.179     594     1491.5      829.9
   9.196     595     1498.6      826.3
   9.213     596     1505.4      823.2
   9.230     597     1511.9      819.9
   9.247     598     1518.3      817.5
   9.264     599     1524.4      815.5
   9.281     600     1530.2      812.6
   9.298     601     1536.7      810.1
   9.314     602     1543.1      807.4
   9.331     603     1549.8      804.8
   9.347     604     1555.2      802.3
   9.364     605     1561.8      799.8
   9.383     606     1567.5      797.1
   9.404     607     1573.6      794.7
   9.420     608     1579.7      792.6
   9.437     609     1585.4      790.2
   9.456     610     1590.7      788.2
   9.474     611     1595.9      786.0
   9.490     612     1601.5      783.6
   9.508     613     1607.3      782.1
   9.526     614     1613.4      779.7
   9.542     615     1618.9      777.2
   9.559     616     1624.7      774.6
   9.576     617     1629.5      772.8
   9.593     618     1635.1      770.9
   9.610     619     1640.3      769.0
   9.627     620     1646.0      767.0
   9.643     621     1651.9      765.0
   9.661     622     1657.8      764.0
   9.679     623     1662.8      762.9
   9.697     624     1668.2      762.0
   9.713     625     1673.1      760.7
   9.732     626     1677.9      759.9
   9.751     627     1682.1      759.4
   9.767     628     1686.2      758.3
   9.786     629     1690.3      758.0
   9.805     630     1693.9      757.7
   9.823     631     1697.3      757.5
   9.840     632     1701.2      755.2
   9.858     633     1704.7      755.0
   9.876     634     1707.9      753.8
   9.893     635     1711.4      754.3
   9.910     636     1713.6      753.7
   9.927     637     1717.0      753.2
   9.945     638     1719.8      753.4
   9.962     639     1722.3      752.6
   9.981     640     1724.9      752.5
   9.997     641     1727.8      752.2
  10.016     642     1730.2      752.1
  10.034     643     1733.3      751.9
  10.050     644     1736.8      751.4
  10.067     645     1740.1      750.5
  10.083     646     1743.6      749.2
  10.102     647     1746.6      747.8
  10.118     648     1750.6      747.1
  10.135     649     1755.1      746.1
  10.152     650     1759.4      744.5
  10.169     651     1763.4      742.4
  10.186     652     1767.7      740.7
  10.203     653     1771.7      738.4
  10.219     654     1776.0      737.2
  10.236     655     1780.2      736.1
  10.255     656     1784.7      734.5
  10.271     657     1788.4      735.0
  10.288     658     1793.8      734.1
  10.305     659     1798.5      733.0
  10.322     660     1802.2      733.8
  10.340     661     1805.5      735.2
  10.356     662     1808.0      737.0
  10.373     663     1810.0      739.7
  10.395     664     1811.9      742.3
  10.413     665     1813.5      745.4
  10.433     666     1814.8      748.5
  10.451     667     1815.8      752.2
  10.467     668     1817.1      754.3
  10.485     669     1817.3      757.1
  10.501     670     1816.7      761.6
  10.518     671     1816.9      764.1
  10.535     672     1817.6      767.0
  10.551     673     1817.7      769.3
  10.568     674     1818.8      772.1
  10.585     675     1819.8      774.8
  10.602     676     1821.9      777.0
  10.619     677     1823.2      779.9
  10.636     678     1824.0      783.1
  10.653     679     1825.6      785.8
  10.670     680     1826.7      788.3
  10.686     681     1827.2      791.2
  10.703     682     1828.7      793.8
  10.720     683     1829.3      796.4
  10.737     684     1830.5      798.9
  10.754     685     1831.6      801.9
  10.773     686     1832.7      805.0
  10.789     687     1833.2      807.2
  10.806     688     1832.9      809.8
  10.822     689     1833.4      811.8
  10.839     690     1834.1      814.0
  10.856     691     1835.1      816.9
  10.873     692     1836.4      819.2
  10.890     693     1837.6      821.2
  10.907     694     1839.7      823.4
  10.924     695     1841.2      825.8
  10.940     696     1842.5      828.2
  10.958     697     1845.1      830.0
  10.974     698     1847.2      832.4
  10.990     699     1849.9      833.6
  11.008     700     1852.3      836.4
  11.024     701     1855.2      838.5
  11.042     702     1858.0      840.0
  11.059     703     1860.2      840.6
  11.076     704     1863.2      842.4
  11.094     705     1866.3      843.5
  11.110     706     1868.7      844.7
  11.127     707     1872.4      846.9
  11.144     708     1875.6      848.8
  11.161     709     1878.7      851.1
  11.178     710     1882.3      852.6
  11.194     711     1885.2      853.6
  11.211     712     1888.3      854.5
  11.228     713     1891.8      855.5
  11.245     714     1894.7      855.8
  11.261     715     1898.5      856.2
  11.278     716     1901.8      856.8
  11.295     717     1905.4      858.2
  11.312     718     1909.4      857.6
  11.329     719     1912.7      859.2
  11.346     720     1916.9      860.1
  11.363     721     1920.6      860.8
  11.380     722     1924.4      862.2
  11.396     723     1928.6      862.7
  11.413     724     1932.5      864.2
  11.430     725     1936.6      864.9
  11.447     726     1940.8      865.4
  11.464     727     1943.8      867.3
  11.481     728     1946.9      868.1
  11.498     729     1948.0      867.9
  11.515     730     1951.6      867.3
  11.532     731     1956.1      864.5
  11.548     732     1958.4      866.5
  11.565     733     1961.8      867.6
  11.582     734     1966.4      865.4
  11.599     735     1964.2      866.1
  11.616     736     1966.1      863.3
  11.634     737     1968.4      860.3
  11.650     738     1970.4      864.0
  11.667     739     1970.8      864.3
  11.684     740     1973.0      868.5
  11.702     741     1977.6      864.6
  11.718     742     1978.3      865.0
  11.735     743     1980.3      869.1
  11.752     744     1981.6      872.6
  11.769     745     1986.0      872.8
  11.786     746     1987.2      877.1
  11.804     747     1989.3      880.8
  11.819     748     1993.2      881.5
  11.837     749     1995.3      885.2
  11.854     750     1996.6      888.5
  11.871     751     1998.3      893.1
  11.888     752     2002.5      893.7
  11.905     753     2006.3      894.0
  11.921     754     2008.9      898.6
  11.938     755     2010.4      902.8
  11.955     756     2012.4      907.4
  11.972     757     2016.0      906.7
  11.990     758     2017.7      910.4
  12.007     759     2016.3      914.6
  12.025     760     2015.2      919.9
  12.041     761     2014.7      923.9
  12.058     762     2014.2      927.4
  12.075     763     2010.1      932.4
  12.092     764     2006.0      936.8
  12.109     765     2002.7      940.4
  12.126     766     2002.4      943.1
  12.143     767     2004.8      945.2
  12.160     768     2004.2      948.0
  12.177     769     2000.9      951.8
  12.193     770     2001.6      954.3
  12.211     771     2002.3      956.6
  12.227     772     2000.6      958.9
  12.244     773     1999.1      961.5
  12.261     774     1997.0      964.0
  12.278     775     1995.5      967.1
  12.295     776     1994.2      969.3
  12.312     777     1992.9      971.9
  12.329     778     1991.2      973.9
  12.347     779     1989.9      976.8
  12.363     780     1988.6      979.4
  12.380     781     1988.9      982.4
  12.397     782     1987.6      984.4
  12.414     783     1986.8      986.7
  12.431     784     1986.4      989.0
  12.448     785     1987.0      991.7
  12.465     786     1987.2      993.8
  12.482     787     1989.0      995.2
  12.499     788     1990.3      996.4
  12.516     789     1992.5      997.1
  12.535     790     1994.8      997.3
  12.551     791     1998.0      996.6
  12.568     792     2001.3      997.0
  12.585     793     2005.3      996.6
  12.601     794     2009.2      996.5
  12.618     795     2013.7      996.3
  12.634     796     2017.7      995.7
  12.651     797     2022.1      995.1
  12.668     798     2026.4      993.6
  12.685     799     2031.8      993.7
  12.702     800     2036.4      992.8
  12.719     801     2041.2      992.1
  12.736     802     2046.3      990.2
  12.753     803     2050.2      990.6
  12.769     804     2055.0      990.2
  12.786     805     2059.4      990.1
  12.803     806     2062.4      990.1
  12.820     807     2065.8      990.9
  12.837     808     2069.4      992.2
  12.855     809     2071.2      993.7
  12.871     810     2073.7      995.0
  12.888     811     2077.4      995.8
  12.905     812     2078.1      997.8
  12.921     813     2081.4      998.1
  12.938     814     2087.8      991.6
  12.955     815     2093.8      986.9
  12.972     816     2099.9      981.1
  12.989     817     2105.5      976.4
  13.006     818     2111.7      971.7
  13.023     819     2117.6      967.6
  13.040     820     2124.6      963.9
  13.056     821     2126.7      960.9
  13.073     822     2129.2      958.7
  13.090     823     2132.5      956.4
  13.107     824     2135.0      953.7
  13.124     825     2137.9      950.7
  13.141     826     2140.8      947.8
  13.158     827     2140.3      946.7
  13.175     828     2143.6      943.0
  13.192     829     2143.9      941.7
  13.208     830     2143.4      939.9
  13.225     831     2143.2      937.6
  13.242     832     2143.1      935.0
  13.259     833     2143.3      933.5
  13.276     834     2143.1      932.7
  13.293     835     2142.9      931.4
  13.311     836     2143.2      930.7
  13.328     837     2143.7      929.3
  13.344     838     2144.8      928.0
  13.361     839     2145.3      926.4
  13.378     840     2145.8      925.3
  13.395     841     2146.3      923.9
  13.412     842     2147.0      922.4
  13.429     843     2148.2      920.0
  13.446     844     2149.6      918.4
  13.463     845     2150.5      917.8
  13.480     846     2151.2      916.8
  13.496     847     2151.8      914.7
  13.513     848     2152.9      911.8
  13.530     849     2154.5      909.1
  13.547     850     2155.4      909.4
  13.564     851     2156.9      905.0
  13.581     852     2157.6      902.6
  13.598     853     2157.6      901.1
  13.615     854     2157.8      899.6
  13.631     855     2160.1      896.3
  13.648     856     2160.5      895.7
  13.665     857     2162.8      891.5
  13.682     858     2165.7      887.0
  13.699     859     2167.3      886.8
  13.716     860     2166.9      890.2
  13.733     861     2168.9      891.2
  13.750     862     2171.1      891.1
  13.767     863     2173.9      889.6
  13.783     864     2177.0      886.1
  13.800     865     2180.2      884.0
  13.817     866     2183.8      880.8
  13.834     867     2186.5      878.4
  13.851     868     2188.7      876.7
  13.868     869     2190.2      877.2
  13.885     870     2192.7      875.3
  13.902     871     2195.1      873.2
  13.919     872     2197.9      870.4
  13.935     873     2199.9      866.8
  13.952     874     2201.7      864.6
  13.969     875     2203.4      862.5
  13.986     876     2206.0      860.9
  14.003     877     2208.3      858.5
  14.020     878     2211.5      856.0
  14.037     879     2214.4      852.7
  14.054     880     2216.2      850.8
  14.070     881     2218.2      849.0
  14.087     882     2221.1      846.3
  14.104     883     2223.5      845.3
  14.121     884     2225.9      844.3
  14.138     885     2228.6      842.9
  14.155     886     2231.6      841.3
  14.172     887     2234.7      840.6
  14.189     888     2237.3      839.4
  14.205     889     2240.1      838.5
  14.222     890     2243.2      837.6
  14.239     891     2246.5      835.8
  14.256     892     2249.2      836.0
  14.273     893     2252.0      834.4
  14.290     894     2254.4      831.4
  14.307     895     2254.5      832.6
  14.324     896     2255.3      833.9
  14.341     897     2256.4      835.4
  14.357     898     2257.2      837.3
  14.374     899     2257.7      839.2
  14.391     900     2258.4      840.7
  14.408     901     2259.3      843.5
  14.425     902     2260.0      845.4
  14.442     903     2260.5      846.2
  14.459     904     2261.3      847.5
  14.476     905     2262.2      849.1
  14.492     906     2263.2      850.5
  14.509     907     2264.1      851.5
  14.526     908     2265.1      852.6
  14.543     909     2266.0      854.6
  14.560     910     2267.2      856.0
  14.577     911     2269.1      856.2
  14.594     912     2270.6      856.9
  14.611     913     2272.0      858.7
  14.628     914     2273.4      859.9
  14.644     915     2274.5      860.9
  14.661     916     2276.6      861.8
  14.678     917     2278.4      862.0
  14.695     918     2280.6      863.1
  14.712     919     2283.0      863.6
  14.729     920     2284.8      864.2
  14.746     921     2287.1      864.9
  14.763     922     2289.3      865.8
  14.780     923     2291.7      866.9
  14.795     924     2294.1      868.1
  14.815     925     2296.6      869.3
  14.831     926     2299.1      870.4
  14.847     927     2301.3      871.9
  14.864     928     2303.1      871.4
  14.881     929     2306.1      872.8
  14.898     930     2308.4      873.3
  14.915     931     2311.0      873.5
  14.930     932     2313.9      874.1
  14.947     933     2317.9      872.9
  14.964     934     2322.1      872.0
  14.981     935     2325.0      870.8
  14.998     936     2327.7      870.4
  15.015     937     2330.8      869.4
  15.032     938     2334.5      868.7
  15.050     939     2338.3      867.7
  15.066     940     2341.7      867.2
  15.083     941     2344.4      866.6
  15.100     942     2347.0      866.7
  15.118     943     2349.7      866.2
  15.134     944     2353.0      866.0
  15.151     945     2355.9      865.2
  15.168     946     2358.5      865.8
  15.185     947     2361.2      865.1
  15.202     948     2363.6      864.5
  15.218     949     2366.7      863.3
  15.235     950     2369.3      862.7
  15.252     951     2371.2      862.2
  15.271     952     2373.6      861.9
  15.287     953     2376.0      861.5
  15.305     954     2379.1      861.2
  15.322     955     2382.7      861.0
  15.339     956     2385.9      860.3
  15.355     957     2388.2      860.1
  15.372     958     2390.7      860.4
  15.389     959     2394.2      860.1
  15.406     960     2398.9      860.8
  15.422     961     2402.7      861.2
  15.439     962     2406.6      861.9
  15.456     963     2411.1      862.4
  15.473     964     2414.1      863.5
  15.490     965     2418.8      864.1
  15.506     966     2423.4      864.2
  15.523     967     2426.8      864.1
  15.540     968     2433.3      864.1
  15.557     969     2436.6      864.5
  15.574     970     2442.7      864.1
  15.591     971     2447.2      864.2
  15.608     972     2451.8      864.1
  15.625     973     2456.6      864.3
  15.641     974     2461.3      863.6
  15.658     975     2465.3      863.0
  15.675     976     2469.0      863.1
  15.693     977     2472.9      863.0
  15.712     978     2476.8      862.8
  15.728     979     2480.9      861.7
  15.745     980     2484.9      860.3
  15.762     981     2489.5      858.4
  15.778     982     2494.4      856.9
  15.794     983     2498.9      855.2
  15.811     984     2502.8      854.5
  15.828     985     2507.3      853.5
  15.845     986     2512.3      852.2
  15.862     987     2516.5      850.3
  15.879     988     2520.9      848.3
  15.896     989     2525.7      846.0
  15.912     990     2530.8      844.6
  15.928     991     2534.3      843.6
  15.945     992     2539.9      841.4
  15.962     993     2543.8      839.5
  15.980     994     2547.5      837.0
  15.996     995     2551.2      833.8
  16.013     996     2554.1      831.1
  16.030     997     2557.9      829.4
  16.047     998     2560.3      827.3
  16.063     999     2563.9      826.3
  16.080    1000     2567.0      824.6
  16.097    1001     2569.9      822.1
  16.114    1002     2572.8      819.8
  16.131    1003     2575.5      818.2
  16.148    1004     2577.6      815.6
  16.165    1005     2580.4      813.1
  16.182    1006     2583.4      810.1
  16.199    1007     2586.1      807.9
  16.215    1008     2589.3      805.7
  16.232    1009     2592.3      803.2
  16.249    1010     2595.1      800.5
  16.266    1011     2597.8      798.0
  16.283    1012     2600.9      795.7
  16.300    1013     2604.1      792.1
  16.317    1014     2606.8      789.2
  16.334    1015     2609.5      786.2
  16.350    1016     2612.8      783.0
  16.367    1017     2616.2      779.9
  16.384    1018     2618.4      776.7
  16.401    1019     2621.1      773.2
  16.418    1020     2624.1      770.4
  16.436    1021     2627.0      766.1
  16.452    1022     2630.6      763.2
  16.469    1023     2633.1      760.3
  16.485    1024     2636.4      757.4
  16.502    1025     2639.5      754.6
  16.519    1026     2642.3      751.9
  16.536    1027     2645.4      748.5
  16.553    1028     2648.8      744.9
  16.570    1029     2652.5      742.0
  16.587    1030     2656.3      738.3
  16.604    1031     2660.2      735.7
  16.621    1032     2664.1      733.5
  16.637    1033     2668.3      730.3
  16.654    1034     2672.3      727.7
  16.671    1035     2676.2      724.5
  16.688    1036     2679.9      721.2
  16.705    1037     2683.8      717.5
  16.722    1038     2688.5      714.4
  16.739    1039     2692.5      711.8
  16.756    1040     2696.5      708.9
  16.772    1041     2700.4      706.3
  16.789    1042     2704.1      703.8
  16.806    1043     2707.5      700.9
  16.823    1044     2710.6      698.3
  16.840    1045     2714.0      696.0
  16.857    1046     2718.0      693.4
  16.874    1047     2722.0      691.1
  16.891    1048     2725.4      688.4
  16.908    1049     2728.7      685.7
  16.924    1050     2732.6      683.2
  16.941    1051     2736.5      681.2
  16.958    1052     2739.9      678.5
  16.975    1053     2744.3      676.2
  16.992    1054     2748.4      673.5
  17.009    1055     2751.9      670.1
  17.026    1056     2755.7      666.7
  17.043    1057     2759.9      663.2
  17.060    1058     2763.5      659.8
  17.076    1059     2767.6      657.2
  17.093    1060     2771.5      654.2
  17.111    1061     2775.5      651.3
  17.128    1062     2779.4      646.7
  17.145    1063     2782.6      643.7
  17.162    1064     2786.1      640.2
  17.179    1065     2790.2      638.3
  17.195    1066     2793.6      634.7
  17.211    1067     2797.5      632.8
  17.228    1068     2802.0      629.4
  17.245    1069     2805.5      626.0
  17.262    1070     2810.0      623.2
  17.279    1071     2814.5      621.5
  17.296    1072     2818.2      619.2
  17.313    1073     2822.5      617.0
  17.331    1074     2826.9      614.7
  17.347    1075     2831.6      611.7
  17.364    1076     2835.6      609.8
  17.381    1077     2837.8      611.1
  17.399    1078     2843.0      607.8
  17.416    1079     2847.4      605.3
  17.433    1080     2852.8      602.0
  17.450    1081     2857.7      599.7
  17.467    1082     2862.4      597.3
  17.483    1083     2866.6      595.2
  17.500    1084     2870.7      592.9
  17.516    1085     2873.5      593.9
  17.533    1086     2877.3      592.0
  17.550    1087     2881.7      590.1
  17.567    1088     2886.0      588.3
  17.584    1089     2890.8      584.2
  17.601    1090     2892.9      585.3
  17.617    1091     2896.8      583.3
  17.634    1092     2898.8      585.6
  17.651    1093     2900.3      588.8
  17.668    1094     2901.0      591.9
  17.685    1095     2904.8      590.8
  17.702    1096     2906.2      593.8
  17.719    1097     2907.3      597.1
  17.736    1098     2908.0      600.7
  17.752    1099     2909.0      603.3
  17.769    1100     2909.9      607.0
  17.788    1101     2910.6      610.5
  17.804    1102     2910.7      614.2
  17.821    1103     2911.3      618.0
  17.838    1104     2911.6      621.3
  17.855    1105     2912.2      624.5
  17.872    1106     2912.9      627.7
  17.888    1107     2914.1      631.3
  17.905    1108     2914.9      634.1
  17.922    1109     2915.5      637.1
  17.939    1110     2917.3      640.5
  17.956    1111     2918.8      642.4
  17.973    1112     2920.3      645.7
  17.990    1113     2921.9      647.7
  18.007    1114     2923.8      650.7
  18.023    1115     2924.4      653.5
  18.040    1116     2925.1      656.6
  18.057    1117     2926.3      659.8
  18.074    1118     2927.7      661.9
  18.091    1119     2930.2      662.4
  18.108    1120     2931.7      665.7
  18.125    1121     2933.5      669.2
  18.142    1122     2934.6      671.3
  18.158    1123     2937.0      673.7
  18.175    1124     2938.6      676.2
  18.194    1125     2940.7      678.8
  18.210    1126     2942.9      681.4
  18.227    1127     2943.7      684.5
  18.244    1128     2945.2      686.5
  18.261    1129     2946.7      689.3
  18.278    1130     2948.3      691.9
  18.294    1131     2950.0      694.4
  18.311    1132     2952.4      696.7
  18.328    1133     2954.0      699.5
  18.345    1134     2956.5      701.2
  18.362    1135     2958.9      703.8
  18.379    1136     2961.0      705.8
  18.396    1137     2963.7      708.1
  18.413    1138     2966.4      709.9
  18.430    1139     2969.4      711.3
  18.448    1140     2973.6      713.2
  18.464    1141     2977.2      714.6
  18.481    1142     2979.8      716.5
  18.498    1143     2979.5      714.0
  18.515    1144     2983.1      714.5
  18.532    1145     2987.3      715.7
  18.549    1146     2990.3      717.1
  18.566    1147     2994.5      718.4
  18.582    1148     2997.4      720.7
  18.599    1149     2997.7      718.9
  18.616    1150     3000.3      720.0
  18.633    1151     3001.3      718.8
  18.650    1152     3001.1      717.8
  18.668    1153     3001.1      717.2
  18.686    1154     3001.8      716.6
  18.702    1155     3002.2      718.0
  18.719    1156     3001.7      717.9
  18.736    1157     3002.7      718.9
  18.754    1158     3002.9      719.6
  18.770    1159     3003.2      721.0
  18.787    1160     3003.5      722.7
  18.804    1161     3004.2      724.3
  18.821    1162     3004.8      726.5
  18.838    1163     3005.5      728.2
  18.854    1164     3006.1      730.2
  18.873    1165     3009.3      728.4
  18.889    1166     3010.0      730.6
  18.906    1167     3012.8      729.6
  18.926    1168     3016.1      728.7
  18.946    1169     3019.0      727.6
  18.962    1170     3020.2      729.5
  18.979    1171     3021.5      731.5
  18.995    1172     3023.6      733.1
  19.012    1173     3027.5      731.9
  19.029    1174     3029.4      732.8
  19.046    1175     3032.3      733.9
  19.063    1176     3034.2      735.4
  19.080    1177     3037.2      735.5
  19.096    1178     3039.5      736.9
  19.113    1179     3043.0      737.1
  19.130    1180     3045.8      737.2
  19.147    1181     3047.7      738.1
  19.164    1182     3050.6      738.8
  19.181    1183     3053.6      738.8
  19.198    1184     3056.1      738.3
  19.215    1185     3058.9      737.7
  19.231    1186     3062.0      736.8
  19.247    1187     3064.3      736.8
  19.264    1188     3066.8      737.9
  19.281    1189     3068.0      739.9
  19.298    1190     3071.5      740.3
  19.315    1191     3074.3      740.7
  19.332    1192     3076.9      740.0
  19.349    1193     3078.9      740.9
  19.366    1194     3081.4      741.7
  19.382    1195     3083.2      742.2
  19.399    1196     3084.6      742.6
  19.416    1197     3087.6      743.7
  19.433    1198     3089.6      746.2
  19.450    1199     3091.8      748.2
  19.469    1200     3094.2      750.0
  19.485    1201     3096.3      751.5
  19.502    1202     3097.4      751.0
  19.518    1203     3098.2      751.2
  19.535    1204     3097.5      747.8
  19.552    1205     3097.6      744.1
  19.571    1206     3097.0      740.9
  19.587    1207     3097.1      737.9
  19.604    1208     3097.1      733.9
  19.621    1209     3097.0      731.2
  19.638    1210     3097.2      727.8
  19.654    1211     3097.9      724.8
  19.670    1212     3098.8      721.8
  19.687    1213     3099.5      719.0
  19.704    1214     3099.9      716.5
  19.721    1215     3100.6      715.5
  19.737    1216     3101.6      713.5
  19.754    1217     3101.9      710.3
  19.771    1218     3102.2      707.8
  19.788    1219     3103.0      706.0
  19.805    1220     3103.7      704.8
  19.821    1221     3104.8      703.2
  19.838    1222     3107.2      703.5
  19.855    1223     3109.1      702.8
  19.874    1224     3110.5      701.5
  19.890    1225     3113.1      701.3
  19.908    1226     3115.3      701.4
  19.926    1227     3117.7      700.2
  19.942    1228     3120.5      698.8
  19.959    1229     3122.5      697.9
  19.976    1230     3125.6      696.8
  19.993    1231     3127.4      695.9
  20.010    1232     3130.0      695.4
  20.027    1233     3132.6      695.2
  20.044    1234     3135.6      695.3
  20.061    1235     3139.0      695.4
  20.077    1236     3142.0      694.9
  20.094    1237     3145.4      694.8
  20.112    1238     3149.0      695.2
  20.128    1239     3152.0      695.6
  20.145    1240     3155.3      696.3
  20.162    1241     3158.4      696.7
  20.179    1242     3161.0      696.8
  20.196    1243     3163.8      696.7
  20.212    1244     3165.5      695.3
  20.229    1245     3167.7      693.8
  20.246    1246     3169.5      691.2
  20.263    1247     3171.2      689.2
  20.280    1248     3171.9      686.6
  20.297    1249     3173.6      683.6
  20.314    1250     3174.6      681.0
  20.330    1251     3175.5      678.8
  20.348    1252     3176.6      677.0
  20.364    1253     3178.4      674.9
  20.380    1254     3179.7      673.7
  20.398    1255     3181.8      671.8
  20.415    1256     3183.1      670.3
  20.432    1257     3184.7      668.5
  20.449    1258     3186.7      667.3
  20.465    1259     3188.6      666.4
  20.482    1260     3190.0      665.6
  20.499    1261     3192.9      667.3
  20.516    1262     3194.4      667.4
  20.532    1263     3197.3      668.5
  20.549    1264     3200.6      671.4
  20.566    1265     3205.0      674.0
  20.583    1266     3207.7      677.0
  20.600    1267     3210.5      679.6
  20.618    1268     3213.8      682.5
  20.634    1269     3216.5      686.1
  20.651    1270     3219.5      689.4
  20.667    1271     3224.9      689.4
  20.684    1272     3227.4      693.6
  20.701    1273     3230.3      696.7
  20.718    1274     3232.9      700.2
  20.735    1275     3234.6      703.9
  20.753    1276     3237.3      707.9
  20.770    1277     3239.1      711.7
  20.786    1278     3241.1      715.7
  20.803    1279     3243.0      719.4
  20.820    1280     3247.7      719.2
  20.837    1281     3249.5      722.5
  20.854    1282     3250.7      724.9
  20.871    1283     3252.2      727.7
  20.888    1284     3255.2      726.7
  20.905    1285     3256.3      729.0
  20.922    1286     3259.7      727.3
  20.939    1287     3260.6      730.6
  20.956    1288     3262.9      729.3
  20.973    1289     3266.2      727.1
  20.990    1290     3268.5      725.4
  21.007    1291     3271.3      724.4
  21.023    1292     3274.7      724.0
  21.040    1293     3276.6      722.9
  21.057    1294     3279.5      720.5
  21.073    1295     3283.9      715.5
  21.090    1296     3286.8      712.8
  21.110    1297     3290.5      713.6
  21.126    1298     3293.8      713.6
  21.143    1299     3298.4      709.9
  21.160    1300     3301.1      709.8
  21.177    1301     3304.5      711.3
  21.194    1302     3307.7      712.7
  21.210    1303     3311.2      713.3
  21.228    1304     3316.8      709.5
  21.244    1305     3322.7      706.3
  21.262    1306     3326.0      705.7
  21.278    1307     3328.8      705.1
  21.295    1308     3331.6      704.6
  21.313    1309     3336.1      699.0
  21.329    1310     3338.2      697.3
  21.346    1311     3340.6      694.3
  21.365    1312     3343.0      692.7
  21.381    1313     3345.8      690.7
  21.398    1314     3345.3      692.5
  21.415    1315     3345.5      693.9
  21.431    1316     3346.3      693.9
  21.448    1317     3346.3      694.8
  21.464    1318     3346.7      695.8
  21.481    1319     3347.0      696.1
  21.498    1320     3346.8      695.8
  21.515    1321     3347.7      695.8
  21.532    1322     3348.2      695.2
  21.549    1323     3350.2      691.6
  21.566    1324     3350.8      692.0
  21.584    1325     3351.0      692.2
  21.600    1326     3351.8      692.6
  21.617    1327     3352.0      692.8
  21.634    1328     3352.4      692.3
  21.650    1329     3353.2      692.2
  21.668    1330     3353.9      692.3
  21.685    1331     3354.1      692.2
  21.700    1332     3355.7      692.8
  21.717    1333     3356.1      692.6
  21.734    1334     3357.1      692.1
  21.750    1335     3357.3      691.0
  21.767    1336     3359.3      691.7
  21.784    1337     3360.3      691.2
  21.801    1338     3362.4      692.0
  21.818    1339     3364.8      692.3
  21.835    1340     3367.6      693.1
  21.853    1341     3369.9      694.4
  21.870    1342     3371.8      696.1
  21.886    1343     3374.7      696.3
  21.904    1344     3376.9      697.0
  21.920    1345     3378.5      697.9
  21.937    1346     3381.3      699.2
  21.954    1347     3383.8      700.7
  21.974    1348     3386.4      702.1
  21.988    1349     3389.3      703.4
  22.006    1350     3393.0      706.2
  22.023    1351     3396.2      708.3
  22.041    1352     3399.4      710.3
  22.060    1353     3402.4      712.3
  22.077    1354     3405.6      713.5
  22.094    1355     3409.0      715.3
  22.111    1356     3412.4      717.7
  22.129    1357     3415.7      720.0
  22.145    1358     3419.1      721.8
  22.163    1359     3423.5      724.9
  22.182    1360     3427.7      727.9
  22.200    1361     3431.3      730.2
  22.218    1362     3435.0      732.4
  22.236    1363     3437.7      734.0
  22.253    1364     3440.4      735.6
  22.269    1365     3444.5      737.7
  22.286    1366     3447.5      739.8
  22.306    1367     3450.9      741.6
  22.325    1368     3454.1      743.5
  22.341    1369     3458.5      746.5
  22.358    1370     3462.0      749.4
  22.378    1371     3465.9      751.9
  22.401    1372     3469.7      754.3
  22.423    1373     3473.2      756.7
  22.442    1374     3476.7      759.0
  22.459    1375     3480.5      762.5
  22.480    1376     3484.6      766.0
  22.499    1377     3489.0      769.5
  22.515    1378     3492.2      772.2
  22.530    1379     3495.2      774.6
  22.547    1380     3498.2      777.9
  22.563    1381     3501.9      781.1
  22.580    1382     3504.7      784.3
  22.596    1383     3507.4      787.3
  22.613    1384     3510.6      789.8
  22.630    1385     3512.8      792.3
  22.647    1386     3515.1      794.1
  22.664    1387     3516.6      794.2
  22.682    1388     3518.0      794.1
  22.698    1389     3523.0      791.9
  22.714    1390     3524.2      791.0
  22.731    1391     3524.9      790.8
  22.748    1392     3526.2      791.2
  22.765    1393     3527.6      790.4
  22.782    1394     3527.8      788.5
  22.799    1395     3528.0      786.4
  22.817    1396     3528.4      783.1
  22.834    1397     3529.0      781.7
  22.850    1398     3529.7      780.7
  22.867    1399     3529.7      778.5
  22.884    1400     3529.4      776.1
  22.901    1401     3529.2      773.9
  22.918    1402     3529.5      772.4
  22.937    1403     3530.2      771.1
  22.953    1404     3531.4      770.2
  22.970    1405     3531.7      770.7
  22.986    1406     3535.2      767.2
  23.003    1407     3535.9      766.8
  23.019    1408     3536.0      766.6
  23.036    1409     3535.9      765.5
  23.053    1410     3536.2      766.3
  23.071    1411     3536.0      767.2
  23.087    1412     3535.7      768.0
  23.104    1413     3536.4      769.7
  23.122    1414     3538.2      770.2
  23.138    1415     3541.1      767.2
  23.155    1416     3541.6      768.3
  23.172    1417     3542.8      769.7
  23.189    1418     3543.9      772.0
  23.206    1419     3545.0      774.1
  23.222    1420     3547.4      775.7
  23.239    1421     3549.6      778.0
  23.256    1422     3551.2      780.3
  23.272    1423     3553.7      782.6
  23.289    1424     3557.1      784.4
  23.306    1425     3559.4      787.0
  23.323    1426     3561.6      789.0
  23.340    1427     3564.9      791.1
  23.357    1428     3565.6      788.5
  23.375    1429     3565.6      786.2
  23.393    1430     3566.6      784.3
  23.410    1431     3566.6      778.8
  23.426    1432     3566.3      773.4
  23.445    1433     3568.3      771.4
  23.461    1434     3570.1      770.0
  23.478    1435     3570.0      765.8
  23.495    1436     3571.1      761.9
  23.512    1437     3576.2      757.7
  23.529    1438     3578.1      756.3
  23.545    1439     3580.6      756.5
  23.562    1440     3583.4      756.3
  23.579    1441     3586.2      756.9
  23.596    1442     3589.2      757.4
  23.613    1443     3591.4      757.4
  23.630    1444     3594.9      759.8
  23.647    1445     3598.0      760.6
  23.664    1446     3600.7      761.4
  23.680    1447     3607.2      758.5
  23.697    1448     3610.4      759.7
  23.714    1449     3614.3      761.4
  23.731    1450     3619.6      756.8
  23.748    1451     3622.7      758.3
  23.764    1452     3625.6      760.0
  23.781    1453     3627.6      760.9
  23.799    1454     3628.7      761.6
  23.815    1455     3630.8      762.9
  23.832    1456     3632.4      763.5
  23.849    1457     3633.2      763.6
  23.868    1458     3636.1      758.5
  23.884    1459     3636.9      757.3
  23.901    1460     3639.9      752.0
  23.920    1461     3640.8      745.2
  23.937    1462     3640.4      742.1
  23.953    1463     3640.3      740.0
  23.970    1464     3640.5      737.3
  23.987    1465     3640.4      734.9
  24.004    1466     3640.8      731.8
  24.020    1467     3641.0      730.1
  24.037    1468     3642.2      727.4
  24.055    1469     3642.6      724.4
  24.071    1470     3643.1      722.6
  24.090    1471     3644.1      722.0
  24.108    1472     3645.6      720.5
  24.126    1473     3647.4      718.4
  24.142    1474     3649.0      717.2
  24.159    1475     3649.6      715.9
  24.176    1476     3651.3      715.9
  24.193    1477     3654.6      718.1
  24.211    1478     3659.0      719.9
  24.227    1479     3663.5      723.1
  24.244    1480     3666.7      724.3
  24.263    1481     3667.7      722.5
  24.279    1482     3671.5      723.6
  24.297    1483     3674.4      724.5
  24.315    1484     3678.4      724.7
  24.333    1485     3682.9      726.5
  24.351    1486     3686.8      727.5
  24.369    1487     3690.3      727.9
  24.388    1488     3694.4      728.4
  24.404    1489     3698.9      729.1
  24.422    1490     3703.0      730.0
  24.439    1491     3706.8      730.5
  24.456    1492     3710.2      730.4
  24.475    1493     3712.7      729.3
  24.494    1494     3716.1      729.5
  24.510    1495     3720.6      729.9
  24.533    1496     3725.0      730.2
  24.549    1497     3728.3      730.2
  24.567    1498     3732.5      731.9
  24.585    1499     3736.6      734.1
  24.601    1500     3741.7      735.2
  24.618    1501     3746.2      736.8
  24.635    1502     3750.1      738.1
  24.654    1503     3753.7      740.3
  24.671    1504     3757.3      744.1
  24.689    1505     3761.3      746.9
  24.705    1506     3764.8      749.2
  24.727    1507     3769.1      752.1
  24.742    1508     3772.9      754.3
  24.759    1509     3778.4      756.6
  24.778    1510     3783.7      759.2
  24.795    1511     3788.5      761.9
  24.812    1512     3793.5      763.8
  24.827    1513     3806.1      760.4
  24.844    1514     3810.9      762.6
  24.861    1515     3821.4      765.4
  24.878    1516     3833.7      768.7
  24.894    1517     3842.2      771.9
  24.911    1518     3851.9      773.7
  24.928    1519     3864.2      777.7
  24.945    1520     3875.5      781.8
  24.961    1521     3886.7      785.4
  24.980    1522     3897.6      788.9
  24.995    1523     3907.8      792.7
  25.012    1524     3918.1      796.0
  25.029    1525     3923.3      797.5
  25.046    1526     3923.2      798.1
  25.063    1527     3932.8      801.2
  25.080    1528     3941.4      804.3
  25.097    1529     3948.5      806.7
  25.113    1530     3955.1      807.6
  25.130    1531     3961.3      808.3
  25.147    1532     3967.6      810.5
  25.164    1533     3973.6      813.2
  25.180    1534     3979.9      815.9
  25.203    1535     3986.2      818.5
  25.224    1536     3992.3      821.1
  25.244    1537     3998.2      823.7
  25.266    1538     4004.2      826.2
  25.284    1539     4011.1      828.1
  25.300    1540     4016.8      829.6
  25.317    1541     4020.0      830.4
  25.334    1542     4023.1      831.5
  25.351    1543     4024.5      832.4
  25.368    1544     4027.1      832.8
  25.384    1545     4029.0      833.8
  25.401    1546     4031.1      834.8
  25.423    1547     4033.4      835.9
  25.440    1548     4035.7      837.0
  25.458    1549     4038.0      838.1
  25.476    1550     4041.7      840.5
  25.496    1551     4045.1      842.6
  25.519    1552     4048.4      844.7
  25.536    1553     4052.7      846.8
  25.556    1554     4057.2      848.7
  25.577    1555     4061.5      850.6
  25.595    1556     4066.4      852.2
  25.611    1557     4070.2      853.8
  25.630    1558     4073.9      854.6
  25.647    1559     4077.6      855.5
  25.666    1560     4078.1      850.3
  25.685    1561     4079.3      844.9
  25.701    1562     4083.1      845.6
  25.722    1563     4086.7      845.9
  25.740    1564     4088.7      843.9
  25.758    1565     4091.3      844.6
  25.775    1566     4094.8      846.2
  25.791    1567     4098.0      847.5
  25.808    1568     4101.0      847.6
  25.829    1569     4104.1      847.8
  25.845    1570     4109.9      849.8
  25.865    1571     4114.1      852.3
  25.881    1572     4119.6      854.0
  25.898    1573     4125.6      856.7
  25.915    1574     4131.7      859.3
  25.932    1575     4137.1      861.6
  25.951    1576     4142.9      864.0
  25.967    1577     4149.3      867.0
  25.985    1578     4154.6      869.5
  26.005    1579     4160.4      872.2
  26.023    1580     4165.9      875.3
  26.044    1581     4171.3      878.4
  26.061    1582     4177.7      881.4
  26.081    1583     4184.5      883.9
  26.100    1584     4190.5      884.7
  26.117    1585     4196.8      887.0
  26.135    1586     4202.5      889.5
  26.158    1587     4208.1      891.8
  26.181    1588     4213.5      894.2
  26.203    1589     4218.9      896.5
  26.220    1590     4223.4      896.8
  26.237    1591     4226.9      894.6
  26.254    1592     4229.9      893.7
  26.271    1593     4232.9      892.2
  26.288    1594     4235.4      891.1
  26.304    1595     4238.0      889.6
  26.321    1596     4244.0      886.3
  26.341    1597     4249.8      882.9
  26.359    1598     4255.5      879.5
  26.379    1599     4257.7      879.9
  26.399    1600     4259.9      880.4
  26.417    1601     4262.7      881.2
  26.433    1602     4266.6      881.9
  26.455    1603     4270.8      882.5
  26.471    1604     4274.7      884.5
  26.488    1605     4277.2      887.8
  26.505    1606     4279.5      887.1
  26.522    1607     4282.3      886.1
  26.539    1608     4282.8      881.4
  26.556    1609     4284.7      881.2
  26.574    1610     4287.1      881.1
  26.592    1611     4289.6      881.0
  26.608    1612     4289.9      877.0
  26.624    1613     4290.7      873.8
  26.641    1614     4291.4      870.8
  26.658    1615     4292.9      868.3
  26.675    1616     4295.6      867.0
  26.692    1617     4297.4      864.6
  26.709    1618     4296.8      863.4
  26.725    1619     4298.3      861.2
  26.742    1620     4300.2      860.5
  26.759    1621     4302.7      860.1
  26.776    1622     4305.5      861.2
  26.799    1623     4308.2      862.2
  26.820    1624     4310.9      863.3
  26.843    1625     4313.6      864.3
  26.860    1626     4320.8      867.5
  26.876    1627     4323.7      867.5
  26.893    1628     4331.6      870.3
  26.910    1629     4339.3      871.6
  26.927    1630     4346.9      873.9
  26.944    1631     4353.3      876.8
  26.961    1632     4359.3      880.4
  26.978    1633     4366.0      883.3
  26.995    1634     4372.5      885.9
  27.011    1635     4374.2      887.7
  27.028    1636     4377.0      889.7
  27.045    1637     4374.8      890.3
  27.062    1638     4378.1      892.4
  27.079    1639     4376.1      892.5
  27.096    1640     4378.4      894.8
  27.118    1641     4381.2      896.8
  27.134    1642     4379.5      896.6
  27.151    1643     4376.8      898.6
  27.168    1644     4378.9      900.3
  27.185    1645     4376.7      901.2
  27.202    1646     4375.5      902.2
  27.219    1647     4373.3      903.5
  27.236    1648     4370.9      904.4
  27.253    1649     4369.8      905.8
  27.269    1650     4367.8      907.0
  27.286    1651     4365.7      907.5
  27.303    1652     4365.6      909.6
  27.320    1653     4365.5      909.9
  27.337    1654     4365.0      911.4
  27.354    1655     4363.6      913.1
  27.371    1656     4364.1      914.8
  27.387    1657     4362.7      914.9
  27.404    1658     4361.3      916.3
  27.421    1659     4364.7      919.4
  27.438    1660     4368.0      922.0
  27.455    1661     4370.8      923.4
  27.472    1662     4371.7      925.0
  27.489    1663     4376.4      926.9
  27.505    1664     4378.6      927.5
  27.523    1665     4383.9      929.6
  27.539    1666     4388.5      931.0
  27.555    1667     4394.0      932.7
  27.573    1668     4397.0      934.0
  27.589    1669     4399.4      934.6
  27.611    1670     4402.4      934.8
  27.634    1671     4405.2      935.1
  27.655    1672     4407.7      935.6
  27.675    1673     4410.3      936.3
  27.691    1674     4413.2      937.4
  27.708    1675     4414.9      939.2
  27.725    1676     4419.6      941.8
  27.741    1677     4424.9      944.0
  27.758    1678     4427.2      945.1
  27.775    1679     4431.1      946.2
  27.793    1680     4432.7      947.9
  27.809    1681     4435.5      949.6
  27.826    1682     4437.5      950.0
  27.843    1683     4438.2      949.9
  27.860    1684     4442.2      951.9
  27.878    1685     4446.7      954.0
  27.895    1686     4450.6      955.6
  27.911    1687     4452.8      956.7
  27.935    1688     4455.0      957.7
  27.951    1689     4457.7      958.6
  27.969    1690     4460.1      960.0
  27.985    1691     4463.2      961.8
  28.002    1692     4465.6      962.9
  28.019    1693     4470.8      966.8
  28.036    1694     4472.6      969.3
  28.054    1695     4477.4      972.5
  28.069    1696     4483.1      975.2
  28.086    1697     4487.0      971.7
  28.103    1698     4492.2      975.0
  28.121    1699     4495.3      973.0
  28.138    1700     4493.2      968.7
  28.155    1701     4498.4      972.0
  28.170    1702     4504.4      975.0
  28.187    1703     4510.7      977.1
  28.204    1704     4513.9      974.0
  28.223    1705     4516.5      969.5
  28.243    1706     4519.0      965.0
  28.264    1707     4521.7      960.5
  28.285    1708     4524.2      956.1
  28.308    1709     4526.8      951.7
  28.328    1710     4525.9      940.4
  28.345    1711     4528.1      933.8
  28.363    1712     4530.3      928.4
  28.381    1713     4532.4      923.1
  28.401    1714     4534.6      917.4
  28.418    1715     4537.2      911.5
  28.438    1716     4542.4      911.7
  28.460    1717     4548.7      912.3
  28.483    1718     4554.7      912.8
  28.502    1719     4560.0      913.9
  28.525    1720     4565.2      914.9
  28.541    1721     4567.6      910.8
  28.563    1722     4569.5      906.9
  28.581    1723     4572.0      902.6
  28.600    1724     4576.6      904.3
  28.619    1725     4579.0      900.2
  28.638    1726     4581.0      896.0
  28.656    1727     4582.1      891.4
  28.674    1728     4582.5      886.3
  28.690    1729     4585.2      888.4
  28.710    1730     4589.0      891.7
  28.727    1731     4596.2      890.0
  28.742    1732     4599.7      893.0
  28.763    1733     4603.5      896.7
  28.782    1734     4606.4      899.8
  28.805    1735     4609.3      902.8
  28.826    1736     4613.1      905.2
  28.847    1737     4614.0      902.6
  28.863    1738     4617.3      906.2
  28.880    1739     4618.7      905.0
  28.897    1740     4619.8      902.5
  28.914    1741     4622.6      905.7
  28.931    1742     4625.5      909.1
  28.947    1743     4628.0      912.3
  28.964    1744     4630.8      915.8
  28.981    1745     4632.8      918.8
  28.998    1746     4635.4      922.3
  29.016    1747     4636.9      925.8
  29.038    1748     4639.0      928.8
  29.056    1749     4640.4      932.2
  29.079    1750     4641.8      935.6
  29.095    1751     4644.6      939.1
  29.112    1752     4645.2      935.7
  29.129    1753     4645.7      931.9
  29.145    1754     4648.7      934.2
  29.165    1755     4651.3      936.7
  29.183    1756     4654.2      938.8
  29.200    1757     4657.9      940.7
  29.218    1758     4659.9      937.4
  29.238    1759     4661.3      933.9
  29.258    1760     4663.2      930.6
  29.277    1761     4664.8      927.1
  29.297    1762     4666.5      923.3
  29.315    1763     4669.0      921.1
  29.331    1764     4671.0      920.5
  29.347    1765     4670.5      915.3
  29.369    1766     4670.8      909.8
  29.392    1767     4671.0      904.4
  29.409    1768     4672.2      900.8
  29.429    1769     4673.6      897.0
  29.445    1770     4675.7      893.3
  29.462    1771     4677.3      891.0
  29.479    1772     4679.2      888.3
  29.496    1773     4678.9      880.1
  29.512    1774     4678.9      873.0
  29.529    1775     4680.6      869.9
  29.546    1776     4683.0      865.9
  29.562    1777     4683.5      857.8
  29.579    1778     4686.0      853.8
  29.596    1779     4688.3      848.8
  29.613    1780     4690.9      844.9
  29.629    1781     4693.4      841.1
  29.646    1782     4695.7      837.0
  29.669    1783     4698.0      833.1
  29.685    1784     4701.7      832.8
  29.702    1785     4703.8      826.8
  29.719    1786     4704.9      822.0
  29.736    1787     4707.8      817.5
  29.753    1788     4710.4      813.0
  29.770    1789     4712.1      808.1
  29.787    1790     4716.6      809.4
  29.804    1791     4718.5      805.4
  29.821    1792     4723.5      806.2
  29.838    1793     4725.6      802.0
  29.855    1794     4727.6      798.0
  29.871    1795     4731.9      798.6
  29.888    1796     4734.3      794.9
  29.904    1797     4737.7      795.0
  29.921    1798     4742.5      795.5
  29.938    1799     4744.2      790.1
  29.957    1800     4748.1      790.6
  29.973    1801     4752.4      790.6
  29.990    1802     4756.2      790.7
  30.007    1803     4760.2      791.4
  30.025    1804     4762.0      786.4
  30.041    1805     4765.0      786.1
  30.058    1806     4769.2      786.8
  30.075    1807     4772.7      787.0
  30.092    1808     4776.0      787.2
  30.109    1809     4778.1      787.4
  30.126    1810     4780.9      787.0
  30.143    1811     4785.1      791.8
  30.161    1812     4788.4      791.9
  30.177    1813     4793.3      796.0
  30.194    1814     4797.2      799.6
  30.211    1815     4800.6      800.6
  30.228    1816     4805.5      803.7
  30.245    1817     4809.8      805.5
  30.261    1818     4815.6      808.2
  30.277    1819     4820.8      808.3
  30.294    1820     4824.8      809.8
  30.310    1821     4829.5      811.0
  30.327    1822     4835.5      811.4
  30.344    1823     4841.3      812.0
  30.361    1824     4844.7      809.6
  30.378    1825     4848.7      809.8
  30.395    1826     4848.5      809.3
  30.412    1827     4847.2      806.6
  30.430    1828     4847.0      803.2
  30.446    1829     4845.9      801.6
  30.463    1830     4845.3      799.3
  30.480    1831     4847.8      799.0
  30.497    1832     4845.1      793.3
  30.514    1833     4845.7      794.0
  30.531    1834     4844.2      794.3
  30.548    1835     4840.8      787.6
  30.565    1836     4838.6      781.2
  30.582    1837     4835.8      776.0
  30.598    1838     4833.9      769.5
  30.615    1839     4831.7      763.3
  30.632    1840     4830.1      757.5
  30.649    1841     4828.3      752.2
  30.666    1842     4826.4      747.0
  30.683    1843     4825.1      741.9
  30.700    1844     4823.9      736.6
  30.717    1845     4823.5      731.5
  30.732    1846     4822.7      726.6
  30.749    1847     4822.1      723.4
  30.766    1848     4821.4      718.6
  30.783    1849     4821.6      714.2
  30.800    1850     4821.3      710.7
  30.817    1851     4821.5      706.6
  30.834    1852     4825.4      704.6
  30.851    1853     4824.9      701.8
  30.868    1854     4824.8      700.5
  30.884    1855     4824.4      697.9
  30.901    1856     4824.5      695.7
  30.917    1857     4828.8      695.3
  30.934    1858     4830.9      691.7
  30.951    1859     4829.8      690.2
  30.968    1860     4833.5      689.6
  30.985    1861     4833.6      687.2
  31.002    1862     4837.2      685.8
  31.019    1863     4837.3      683.4
  31.035    1864     4837.0      680.6
  31.052    1865     4841.0      678.9
  31.069    1866     4842.7      674.9
  31.086    1867     4847.1      672.3
  31.106    1868     4849.3      669.0
  31.123    1869     4848.6      666.9
  31.140    1870     4851.5      662.8
  31.156    1871     4851.3      661.2
  31.173    1872     4855.2      659.2
  31.191    1873     4856.1      656.4
  31.207    1874     4856.2      654.3
  31.225    1875     4861.6      650.5
  31.242    1876     4871.1      649.4
  31.259    1877     4874.8      648.4
  31.275    1878     4879.5      647.4
  31.291    1879     4885.7      644.0
  31.308    1880     4894.2      642.2
  31.325    1881     4900.3      643.1
  31.342    1882     4906.9      642.5
  31.359    1883     4916.0      639.4
  31.376    1884     4921.0      638.9
  31.393    1885     4927.7      637.8
  31.411    1886     4934.2      636.3
  31.427    1887     4940.3      632.2
  31.444    1888     4945.6      629.0
  31.461    1889     4951.3      626.1
  31.478    1890     4955.7      622.7
  31.495    1891     4959.6      618.5
  31.512    1892     4963.6      614.3
  31.529    1893     4966.1      609.3
  31.546    1894     4969.0      606.3
  31.563    1895     4971.5      601.8
  31.579    1896     4975.3      598.2
  31.596    1897     4978.1      594.4
  31.613    1898     4980.3      591.2
  31.630    1899     4984.4      587.4
  31.647    1900     4988.3      587.9
  31.664    1901     4990.8      589.2
  31.681    1902     4993.0      586.1
  31.698    1903     4996.5      587.3
  31.714    1904     4998.9      588.5
  31.731    1905     5003.0      584.2
  31.748    1906     5005.6      579.6
  31.766    1907     5009.5      580.0
  31.782    1908     5013.0      579.0
  31.800    1909     5017.2      578.0
  31.817    1910     5019.4      577.6
  31.834    1911     5020.0      572.5
  31.850    1912     5021.6      567.3
  31.867    1913     5023.2      563.2
  31.884    1914     5025.2      563.4
  31.901    1915     5027.2      563.1
  31.918    1916     5030.0      559.9
  31.935    1917     5031.9      557.2
  31.952    1918     5033.6      554.2
  31.969    1919     5035.2      551.2
  31.986    1920     5036.5      549.2
  32.002    1921     5037.4      546.7
  32.019    1922     5038.5      543.3
  32.036    1923     5039.9      541.8
  32.053    1924     5039.7      540.4
  32.070    1925     5040.9      538.7
  32.087    1926     5041.3      535.9
  32.104    1927     5041.1      534.8
  32.121    1928     5042.0      534.4
  32.137    1929     5043.1      533.7
  32.154    1930     5046.2      536.2
  32.171    1931     5048.1      540.0
  32.188    1932     5050.0      543.1
  32.205    1933     5051.9      547.4
  32.222    1934     5053.9      551.1
  32.239    1935     5056.6      555.0
  32.256    1936     5059.2      559.2
  32.274    1937     5064.7      564.3
  32.290    1938     5067.2      568.6
  32.307    1939     5069.0      573.0
  32.324    1940     5072.6      577.9
  32.343    1941     5074.8      582.1
  32.360    1942     5077.0      586.8
  32.377    1943     5079.8      591.0
  32.395    1944     5083.4      595.6
  32.411    1945     5088.2      597.8
  32.427    1946     5093.0      600.3
  32.445    1947     5094.9      605.2
  32.463    1948     5097.1      610.8
  32.480    1949     5102.6      613.4
  32.497    1950     5108.6      615.7
  32.517    1951     5114.6      618.7
  32.533    1952     5120.1      621.3
  32.550    1953     5124.1      627.0
  32.567    1954     5131.3      629.8
  32.583    1955     5136.6      634.1
  32.600    1956     5145.8      634.2
  32.617    1957     5150.6      638.4
  32.634    1958     5153.8      643.7
  32.650    1959     5157.8      648.2
  32.667    1960     5161.0      652.4
  32.684    1961     5165.5      654.9
  32.701    1962     5170.1      657.0
  32.718    1963     5174.4      659.5
  32.738    1964     5178.4      662.0
  32.756    1965     5182.5      664.5
  32.772    1966     5190.8      667.8
  32.791    1967     5198.4      671.0
  32.809    1968     5201.8      672.7
  32.828    1969     5205.6      674.8
  32.848    1970     5208.4      676.8
  32.866    1971     5214.1      680.2
  32.882    1972     5219.7      683.4
  32.899    1973     5226.4      682.7
  32.916    1974     5233.6      683.9
  32.933    1975     5240.0      684.2
  32.950    1976     5246.2      685.7
  32.966    1977     5249.9      688.7
  32.983    1978     5255.7      689.5
  33.000    1979     5258.7      692.9
  33.017    1980     5264.9      693.9
  33.034    1981     5268.0      696.7
  33.051    1982     5274.4      700.7
  33.068    1983     5279.7      704.0
  33.085    1984     5283.0      708.7
  33.102    1985     5283.6      714.2
  33.118    1986     5287.4      717.6
  33.135    1987     5295.2      718.5
  33.155    1988     5303.1      718.6
  33.170    1989     5307.6      721.2
  33.187    1990     5313.7      722.0
  33.204    1991     5320.5      722.8
  33.221    1992     5326.0      723.3
  33.238    1993     5330.9      724.0
  33.254    1994     5335.7      724.8
  33.271    1995     5339.4      726.2
  33.288    1996     5343.1      728.1
  33.305    1997     5346.5      730.3
  33.322    1998     5350.4      733.2
  33.339    1999     5352.2      736.4
  33.356    2000     5354.1      739.3
  33.373    2001     5355.6      741.8
  33.390    2002     5357.3      745.7
  33.407    2003     5365.9      751.0
  33.424    2004     5371.2      755.9
  33.441    2005     5375.8      760.5
  33.458    2006     5380.5      765.0
  33.475    2007     5387.7      769.9
  33.492    2008     5397.7      772.2
  33.508    2009     5404.1      777.2
  33.526    2010     5411.0      781.5
  33.542    2011     5417.8      786.2
  33.558    2012     5424.3      789.6
  33.576    2013     5429.6      793.5
  33.592    2014     5434.8      797.5
  33.610    2015     5438.5      800.2
  33.626    2016     5442.6      803.0
  33.644    2017     5446.3      804.7
  33.661    2018     5450.6      807.0
  33.677    2019     5457.1      806.0
  33.694    2020     5463.1      806.6
  33.713    2021     5468.0      807.4
  33.729    2022     5473.2      807.6
  33.747    2023     5476.7      808.9
  33.766    2024     5481.0      809.6
  33.784    2025     5488.4      812.0
  33.803    2026     5495.3      813.6
  33.822    2027     5502.0      815.4
  33.841    2028     5508.9      817.0
  33.858    2029     5516.6      818.6
  33.879    2030     5524.3      819.9
  33.896    2031     5529.9      821.6
  33.915    2032     5535.5      824.1
  33.932    2033     5541.1      825.4
  33.948    2034     5546.5      826.8
  33.970    2035     5551.9      828.4
  33.986    2036     5555.4      829.6
  34.005    2037     5559.6      830.7
  34.021    2038     5561.2      831.6
  34.038    2039     5562.3      831.0
  34.055    2040     5563.0      830.3
  34.071    2041     5563.1      829.6
  34.088    2042     5572.4      831.8
  34.104    2043     5572.1      831.8
  34.121    2044     5573.4      830.8
  34.138    2045     5573.9      831.0
  34.155    2046     5575.2      831.4
  34.174    2047     5576.7      831.4
  34.191    2048     5579.5      832.4
  34.207    2049     5581.9      834.3
  34.224    2050     5585.1      835.4
  34.242    2051     5588.0      837.3
  34.259    2052     5592.3      838.4
  34.276    2053     5596.9      839.7
  34.293    2054     5600.4      841.5
  34.311    2055     5604.2      843.4
  34.327    2056     5608.9      844.8
  34.344    2057     5612.8      845.8
  34.361    2058     5616.1      846.8
  34.378    2059     5620.0      847.6
  34.395    2060     5624.5      848.3
  34.412    2061     5628.3      848.9
  34.429    2062     5631.9      849.1
  34.447    2063     5635.6      849.7
  34.467    2064     5639.4      850.6
  34.483    2065     5643.8      851.3
  34.501    2066     5648.3      852.5
  34.518    2067     5652.9      853.4
  34.535    2068     5658.0      854.6
  34.552    2069     5663.0      856.4
  34.569    2070     5668.4      857.4
  34.585    2071     5673.5      859.2
  34.602    2072     5678.3      860.7
  34.618    2073     5682.5      861.7
  34.635    2074     5687.1      863.2
  34.652    2075     5691.6      864.6
  34.668    2076     5696.6      865.9
  34.685    2077     5700.8      867.0
  34.702    2078     5705.4      868.0
  34.719    2079     5709.1      869.1
  34.735    2080     5712.9      869.5
  34.752    2081     5716.8      869.7
  34.771    2082     5719.5      869.7
  34.787    2083     5722.4      870.2
  34.804    2084     5726.5      871.0
  34.824    2085     5730.6      871.9
  34.841    2086     5732.9      871.8
  34.857    2087     5735.4      872.9
  34.873    2088     5738.3      872.8
  34.890    2089     5740.7      873.4
  34.907    2090     5744.1      874.1
  34.924    2091     5748.3      874.5
  34.941    2092     5751.6      876.1
  34.958    2093     5755.8      876.3
  34.975    2094     5759.8      877.5
  34.992    2095     5762.4      877.5
  35.008    2096     5764.9      878.9
  35.027    2097     5766.9      879.7
  35.043    2098     5769.3      881.7
  35.060    2099     5771.8      883.2
  35.077    2100     5773.9      885.4
  35.095    2101     5775.1      887.3
  35.113    2102     5777.3      889.4
  35.130    2103     5779.7      891.3
  35.148    2104     5781.6      893.9
  35.164    2105     5783.0      895.1
  35.182    2106     5785.8      897.3
  35.198    2107     5788.2      898.8
  35.215    2108     5790.5      900.8
  35.233    2109     5792.8      903.0
  35.250    2110     5795.5      905.8
  35.266    2111     5797.3      907.9
  35.283    2112     5799.4      909.7
  35.300    2113     5801.5      912.5
  35.317    2114     5804.1      914.3
  35.334    2115     5805.6      916.0
  35.351    2116     5808.3      918.1
  35.368    2117     5810.6      920.0
  35.385    2118     5813.5      922.4
  35.401    2119     5815.9      923.7
  35.417    2120     5819.0      925.9
  35.434    2121     5822.9      927.3
  35.451    2122     5826.2      928.7
  35.468    2123     5829.4      930.9
  35.485    2124     5830.5      931.8
  35.502    2125     5833.5      933.7
  35.519    2126     5833.4      934.6
  35.536    2127     5835.2      935.7
  35.553    2128     5835.4      936.4
  35.569    2129     5834.4      935.5
  35.586    2130     5833.7      934.6
  35.603    2131     5832.1      934.4
  35.623    2132     5830.1      933.2
  35.640    2133     5835.3      935.3
  35.658    2134     5834.1      935.7
  35.674    2135     5833.8      935.4
  35.693    2136     5834.5      934.5
  35.709    2137     5840.2      936.6
  35.728    2138     5841.6      936.4
  35.745    2139     5843.0      937.4
  35.763    2140     5844.6      939.1
  35.779    2141     5846.2      940.2
  35.796    2142     5847.5      941.2
  35.811    2143     5848.8      941.5
  35.827    2144     5850.3      940.8
  35.846    2145     5851.4      940.6
  35.864    2146     5852.0      940.5
  35.880    2147     5853.6      941.9
  35.898    2148     5855.4      942.5
  35.915    2149     5857.0      942.4
  35.931    2150     5861.7      938.3
  35.948    2151     5863.3      938.4
  35.965    2152     5865.6      938.2
  35.982    2153     5867.7      936.2
  35.999    2154     5869.5      933.3
  36.016    2155     5871.6      932.2
  36.033    2156     5872.8      930.7
  36.050    2157     5874.2      930.3
  36.067    2158     5875.4      928.3
  36.083    2159     5877.5      928.5
  36.100    2160     5879.9      926.9
  36.117    2161     5882.9      926.5
  36.134    2162     5886.3      924.7
  36.151    2163     5889.2      922.3
  36.168    2164     5891.8      921.0
  36.185    2165     5893.9      919.3
  36.202    2166     5896.6      918.6
  36.220    2167     5898.9      919.2
  36.236    2168     5899.8      918.7
  36.253    2169     5900.6      916.9
  36.272    2170     5901.6      917.0
  36.288    2171     5903.3      917.6
  36.305    2172     5904.1      918.3
  36.322    2173     5904.2      920.1
  36.339    2174     5904.9      919.2
  36.355    2175     5907.4      918.2
  36.372    2176     5908.8      918.4
  36.389    2177     5910.5      918.1
  36.406    2178     5911.0      919.7
  36.423    2179     5912.5      921.9
  36.440    2180     5913.5      923.8
  36.458    2181     5913.5      924.9
  36.475    2182     5917.9      923.6
  36.493    2183     5923.2      921.8
  36.512    2184     5924.3      922.9
  36.529    2185     5924.8      924.0
  36.546    2186     5929.5      923.7
  36.564    2187     5932.7      923.1
  36.584    2188     5935.8      921.7
  36.602    2189     5936.3      921.8
  36.618    2190     5938.9      921.6
  36.637    2191     5942.4      920.8
  36.653    2192     5942.7      921.5
  36.673    2193     5941.7      922.3
  36.689    2194     5948.3      925.3
  36.708    2195     5946.7      925.8
  36.724    2196     5956.7      927.0
  36.741    2197     5966.8      928.1
  36.758    2198     5974.5      931.8
  36.774    2199     5981.3      935.5
  36.793    2200     5988.2      938.8
  36.812    2201     5994.8      942.3
  36.833    2202     6001.4      945.7
  36.851    2203     6001.3      946.6
  36.871    2204     6001.6      949.5
  36.887    2205     6001.2      952.7
  36.906    2206     6000.4      955.6
  36.921    2207     5999.2      958.5
  36.938    2208     5999.0      960.4
  36.955    2209     6012.1      954.9
  36.972    2210     6015.4      958.1
  36.988    2211     6015.9      960.4
  37.004    2212     6019.7      963.1
  37.021    2213     6021.1      966.2
[ROBOT] Đã dừng điều khiển xe.

[✓] Dừng. 2213 frames. Log → realtime_log.csv
