LS — UWB Realtime
  Anchors : ['0x1001', '0x1002', '0x1003', '0x1004']
  Height  : 1400.0 mm

Đang kết nối /dev/serial/by-id/usb-SEGGER_J-Link_000760192143-if00 @ 921600...
OK. Đang chờ dữ liệu... (Ctrl+C để dừng)

[ROBOT] Đã kết nối STM32 @ /dev/serial/by-id/usb-STMicroelectronics_BLUEPILL_F103C8_CDC_in_FS_Mode_498E169E3634-if00. Điều khiển xe bắt đầu.
 Time(s)   Frame      X(mm)      Y(mm)
----------------------------------------
   0.001       1       88.9     4214.9
   0.004       2       86.2     4239.7
   0.007       3       42.7     4284.6
   0.010       4       95.7     4294.7
   0.012       5      106.1     4298.7
   0.015       6       50.3     4221.1
   0.018       7      124.2     4243.1
   0.021       8      104.9     4266.1
   0.023       9       80.5     4206.1
   0.026      10       65.9     4225.6
   0.029      11       81.8     4170.1
   0.031      12      109.1     4213.2
   0.034      13      110.0     4282.9
   0.037      14       74.9     4263.9
   0.040      15       76.4     4231.5
   0.042      16       91.4     4241.8
   0.045      17      104.7     4218.8
   0.048      18      122.0     4213.0
   0.050      19       68.7     4268.7
   0.053      20       87.3     4267.3
   0.056      21      122.4     4237.7
   0.058      22       87.6     4233.6
   0.061      23      112.6     4221.5
   0.064      24      104.2     4224.9
   0.066      25      108.2     4244.8
   0.069      26      110.3     4258.8
   0.072      27      108.0     4247.7
   0.074      28       60.1     4216.2
   0.077      29       82.6     4236.7
   0.080      30       71.0     4197.9
   0.082      31       98.5     4244.6
   0.085      32       81.9     4195.1
   0.087      33       54.1     4174.2
   0.090      34      125.5     4224.2
   0.093      35      135.4     4216.3
   0.095      36      105.6     4200.7
   0.098      37      141.0     4228.6
   0.101      38      104.8     4280.9
   0.103      39       76.0     4198.3
   0.106      40       75.3     4217.2
   0.109      41       94.8     4274.2
   0.111      42       92.4     4257.8
   0.114      43       71.5     4259.4
   0.117      44      134.1     4212.7
   0.119      45       89.8     4264.0
   0.122      46       90.2     4209.3
   0.125      47      124.5     4268.2
   0.127      48      131.2     4208.8
   0.130      49       92.1     4233.0
   0.133      50       88.9     4245.1
   0.135      51       64.8     4247.0
   0.138      52       89.5     4252.5
   0.140      53       50.7     4273.9
   0.143      54      101.3     4240.4
   0.146      55      133.7     4259.1
   0.148      56      129.8     4239.4
   0.151      57       86.7     4273.2
   0.154      58       98.9     4251.8
   0.156      59       58.6     4222.3
   0.159      60       96.2     4285.8
   0.162      61      154.5     4262.9
   0.164      62       65.5     4238.1
   0.167      63       87.7     4212.6
   0.170      64       75.6     4220.8
   0.179      65      138.6     4293.2
   0.196      66      110.9     4222.4
   0.214      67      116.1     4232.4
   0.231      68       76.0     4249.1
   0.247      69       52.7     4221.2
   0.264      70       90.1     4320.0
   0.281      71       95.5     4226.1
   0.298      72      140.3     4261.6
   0.317      73      140.2     4244.8
   0.334      74      103.5     4178.5
   0.352      75       80.6     4172.0
   0.368      76       61.2     4248.1
   0.386      77       74.9     4279.9
   0.401      78      128.7     4254.0
   0.418      79      105.3     4156.0
   0.435      80      138.5     4187.0
   0.453      81      139.6     4237.8
   0.469      82      143.4     4200.4
   0.486      83      148.3     4297.9
   0.502      84      119.5     4293.9
   0.519      85      130.5     4231.9
   0.536      86      151.2     4272.9
   0.553      87      119.3     4191.4
   0.570      88      158.9     4283.2
   0.587      89      150.1     4261.6
   0.604      90      161.1     4289.3
   0.624      91      168.1     4305.4
   0.640      92      174.0     4241.4
   0.657      93      171.5     4261.0
   0.674      94      189.7     4279.2
   0.691      95      152.8     4233.0
   0.708      96      204.6     4239.5
   0.726      97      190.0     4276.2
   0.742      98      169.2     4314.8
   0.759      99      185.6     4250.7
   0.776     100      162.4     4281.5
   0.793     101      107.4     4198.3
   0.810     102      199.7     4228.8
   0.828     103      191.9     4244.9
   0.847     104      182.5     4232.5
   0.863     105      155.7     4365.2
   0.879     106      169.2     4353.0
   0.895     107      213.2     4266.2
   0.914     108      205.6     4269.6
   0.930     109      208.7     4264.0
   0.947     110      212.2     4284.7
   0.964     111      205.8     4290.6
   0.982     112      189.6     4272.5
   0.999     113      213.2     4241.0
   1.017     114      214.3     4249.1
   1.033     115      240.0     4270.4
   1.049     116      166.6     4251.3
   1.068     117      212.5     4275.3
   1.084     118      251.6     4295.7
   1.101     119      231.0     4316.2
   1.118     120      252.3     4277.2
   1.134     121      281.4     4312.8
   1.151     122      258.2     4288.0
   1.168     123      248.1     4291.0
   1.185     124      275.0     4302.9
   1.202     125      258.7     4308.3
   1.220     126      253.3     4319.0
   1.236     127      293.5     4333.9
   1.253     128      302.1     4296.6
   1.269     129      304.5     4333.7
   1.288     130      272.1     4290.6
   1.306     131      310.4     4324.2
   1.322     132      299.8     4316.7
   1.339     133      322.8     4261.9
   1.357     134      301.5     4253.4
   1.373     135      246.1     4281.8
   1.393     136      257.4     4266.7
   1.409     137      223.2     4241.8
   1.426     138      241.7     4256.7
   1.443     139      259.4     4225.2
   1.460     140      257.8     4227.4
   1.477     141      297.0     4271.3
   1.493     142      233.3     4241.2
   1.510     143      271.4     4306.5
   1.527     144      274.9     4307.4
   1.544     145      296.0     4314.7
   1.563     146      327.1     4226.4
   1.579     147      317.2     4309.1
   1.598     148      317.2     4309.1
   1.614     149      297.9     4235.5
   1.631     150      352.9     4295.3
   1.648     151      340.4     4315.3
   1.665     152      339.7     4309.5
   1.682     153      360.3     4298.5
   1.699     154      306.3     4296.6
   1.717     155      304.0     4263.9
   1.735     156      367.3     4239.9
   1.751     157      336.2     4333.4
   1.768     158      329.2     4222.2
   1.785     159      350.0     4233.7
   1.803     160      384.9     4259.3
   1.819     161      387.9     4260.0
   1.836     162      370.2     4258.0
   1.852     163      381.1     4214.0
   1.869     164      362.5     4244.4
   1.885     165      419.9     4174.6
   1.903     166      417.3     4178.1
   1.920     167      385.6     4213.5
   1.939     168      358.1     4204.5
   1.956     169      383.8     4231.8
   1.973     170      386.0     4251.2
   1.991     171      373.1     4230.2
   2.007     172      377.6     4204.6
   2.026     173      384.0     4247.9
   2.042     174      357.7     4266.6
   2.059     175      373.3     4304.9
   2.076     176      339.4     4267.0
   2.097     177      357.2     4294.4
   2.112     178      362.5     4308.0
   2.131     179      368.2     4325.8
   2.147     180      400.2     4269.6
   2.164     181      355.9     4333.2
   2.181     182      399.7     4260.0
   2.198     183      337.1     4223.1
   2.214     184      379.1     4302.2
   2.231     185      397.9     4260.8
   2.248     186      397.7     4213.2
   2.265     187      407.8     4263.4
   2.282     188      398.5     4271.9
   2.299     189      392.5     4297.0
   2.316     190      401.0     4280.8
   2.333     191      390.9     4237.2
   2.350     192      403.0     4263.7
   2.366     193      386.3     4178.2
   2.383     194      419.9     4255.1
   2.403     195      385.1     4208.6
   2.420     196      475.9     4257.4
   2.437     197      407.8     4262.3
   2.454     198      431.5     4304.9
   2.470     199      407.2     4196.0
   2.491     200      400.8     4187.5
   2.507     201      451.5     4216.8
   2.524     202      476.3     4240.5
   2.542     203      402.0     4144.7
   2.559     204      476.2     4146.5
   2.577     205      447.9     4108.7
   2.595     206      479.8     4158.0
   2.613     207      514.4     4194.3
   2.629     208      433.1     4192.2
   2.646     209      509.3     4180.6
   2.663     210      465.4     4259.7
   2.680     211      438.2     4304.4
   2.696     212      482.9     4192.3
   2.713     213      502.0     4188.4
   2.732     214      501.9     4321.0
   2.750     215      515.6     4253.3
   2.767     216      542.5     4229.8
   2.784     217      431.5     4334.9
   2.801     218      487.2     4212.2
   2.818     219      457.1     4282.4
   2.834     220      442.0     4214.9
   2.850     221      492.4     4174.8
   2.867     222      553.3     4223.7
   2.884     223      592.2     4200.0
   2.901     224      525.8     4237.4
   2.918     225      545.9     4227.6
   2.936     226      560.3     4219.5
   2.953     227      551.3     4244.0
   2.969     228      475.4     4336.6
   2.986     229      515.0     4275.3
   3.003     230      486.5     4347.4
   3.020     231      530.1     4343.0
   3.039     232      536.7     4334.2
   3.054     233      536.0     4333.4
   3.071     234      523.2     4353.2
   3.088     235      521.8     4335.6
   3.104     236      514.9     4335.7
   3.121     237      511.9     4246.9
   3.139     238      535.5     4290.6
   3.156     239      512.2     4355.9
   3.173     240      482.3     4324.7
   3.190     241      502.8     4366.0
   3.207     242      471.1     4324.7
   3.224     243      485.9     4269.7
   3.239     244      507.0     4294.7
   3.256     245      467.4     4331.4
   3.273     246      469.5     4260.2
   3.290     247      459.6     4325.7
   3.308     248      512.2     4304.9
   3.325     249      480.4     4272.8
   3.342     250      488.1     4347.0
   3.360     251      480.4     4347.2
   3.376     252      454.5     4294.7
   3.393     253      476.7     4310.1
   3.410     254      487.5     4301.7
   3.427     255      509.1     4314.9
   3.445     256      504.8     4284.6
   3.462     257      444.1     4277.4
   3.479     258      462.9     4303.4
   3.495     259      543.3     4309.7
   3.511     260      481.3     4263.5
   3.528     261      511.8     4238.0
   3.545     262      542.5     4291.2
   3.561     263      448.5     4270.8
   3.578     264      482.2     4286.0
   3.595     265      504.3     4238.8
   3.612     266      502.9     4303.3
   3.629     267      513.6     4285.8
   3.648     268      746.0     4606.6
   3.664     269      739.7     4638.7
   3.681     270      531.3     4316.2
   3.698     271      581.9     4350.9
   3.715     272      593.0     4395.2
   3.732     273      566.5     4407.6
   3.748     274      624.2     4346.1
   3.766     275      770.5     4539.7
   3.781     276      732.2     4621.5
   3.798     277      744.1     4465.0
   3.815     278      785.3     4578.5
   3.832     279      758.6     4612.6
   3.849     280      589.5     4298.2
   3.867     281      757.3     4583.0
   3.884     282      778.9     4603.3
   3.901     283      619.5     4401.1
   3.917     284      817.4     4541.6
   3.934     285      825.7     4580.7
   3.951     286      752.6     4479.5
   3.969     287      783.6     4517.6
   3.985     288      586.4     4302.3
   4.003     289      592.2     4317.4
   4.020     290      571.3     4311.7
   4.036     291      579.7     4330.3
   4.053     292      871.9     4625.5
   4.071     293      623.5     4253.0
   4.088     294      593.4     4253.7
   4.105     295      892.3     4601.0
   4.122     296      551.4     4307.0
   4.139     297      709.7     4482.0
   4.155     298      594.4     4207.9
   4.171     299      727.6     4396.6
   4.188     300      715.5     4441.6
   4.205     301      752.6     4343.0
   4.222     302      764.6     4376.4
   4.239     303      792.0     4391.6
   4.257     304      869.0     4509.5
   4.273     305      908.9     4512.3
   4.291     306      841.6     4523.4
   4.307     307      826.6     4513.3
   4.324     308      877.4     4469.9
   4.341     309      853.0     4466.8
   4.357     310      898.6     4494.3
   4.374     311      787.5     4354.2
   4.391     312      854.0     4481.9
   4.408     313      814.5     4333.1
   4.425     314      851.5     4377.8
   4.441     315      773.2     4348.8
   4.459     316      799.1     4345.3
   4.476     317      811.1     4243.8
   4.493     318      787.9     4307.8
   4.510     319      796.9     4271.1
   4.527     320      777.1     4259.7
   4.543     321      755.9     4254.8
   4.560     322      769.6     4222.5
   4.576     323      767.2     4315.4
   4.594     324      755.7     4300.1
   4.610     325      713.1     4243.4
   4.627     326      733.4     4264.0
   4.644     327      765.0     4237.5
   4.662     328      693.2     4256.2
   4.679     329      809.3     4283.8
   4.696     330      801.4     4304.8
   4.713     331      795.1     4311.1
   4.729     332      798.0     4257.8
   4.746     333      781.2     4320.4
   4.762     334      807.3     4298.6
   4.779     335      846.2     4301.5
   4.796     336      808.7     4288.3
   4.813     337      783.6     4317.3
   4.830     338      796.4     4412.6
   4.847     339      801.8     4405.4
   4.864     340      808.5     4385.8
   4.881     341      824.7     4313.2
   4.898     342      818.8     4351.9
   4.915     343      823.2     4427.1
   4.932     344      823.5     4372.0
   4.950     345      825.3     4381.9
   4.966     346      793.1     4412.5
   4.983     347      867.1     4355.0
   5.000     348      823.8     4301.0
   5.017     349      785.1     4339.5
   5.034     350      795.9     4307.6
   5.052     351      805.7     4241.7
   5.069     352      806.4     4252.6
   5.085     353      808.0     4276.2
   5.102     354      781.1     4230.2
   5.118     355      794.7     4211.9
   5.135     356      772.3     4307.3
   5.153     357      778.2     4311.4
   5.169     358      797.1     4297.6
   5.186     359      779.3     4302.8
   5.204     360      801.4     4307.3
   5.221     361      801.4     4304.8
   5.239     362      765.8     4230.9
   5.255     363      840.7     4272.5
   5.275     364      857.8     4311.4
   5.291     365      861.2     4284.8
   5.308     366      888.6     4325.4
   5.325     367      819.8     4354.7
   5.342     368      897.6     4358.4
   5.359     369      909.3     4330.4
   5.374     370      941.7     4384.7
   5.391     371      906.8     4287.1
   5.408     372      928.9     4299.5
   5.425     373      916.7     4300.4
   5.442     374      991.7     4296.3
   5.459     375      927.0     4361.7
   5.477     376      879.7     4351.8
   5.495     377      938.8     4317.8
   5.511     378      870.1     4399.0
   5.528     379      948.2     4304.2
   5.545     380      939.7     4289.1
   5.564     381      970.1     4326.0
   5.580     382      930.1     4423.6
   5.596     383      901.3     4396.6
   5.613     384      910.5     4354.6
   5.630     385      956.2     4394.6
   5.648     386      913.9     4346.1
   5.664     387      979.3     4341.3
   5.680     388      941.4     4268.3
   5.697     389      953.3     4398.6
   5.716     390      955.9     4413.5
   5.733     391      941.0     4397.7
   5.750     392      983.4     4336.0
   5.767     393      953.7     4292.2
   5.784     394     1038.0     4416.7
   5.801     395      997.3     4351.4
   5.818     396     1034.9     4362.9
   5.835     397     1009.7     4416.4
   5.852     398     1062.7     4340.2
   5.868     399     1024.0     4393.4
   5.885     400      959.4     4468.2
   5.902     401      959.9     4411.5
   5.918     402     1002.3     4327.3
   5.935     403     1007.3     4348.3
   5.952     404      982.3     4364.9
   5.970     405      984.8     4352.9
   5.987     406      975.5     4365.4
   6.004     407     1001.6     4336.8
   6.021     408     1031.6     4365.6
   6.037     409      976.8     4318.7
   6.054     410      965.3     4349.1
   6.070     411     1013.8     4359.0
   6.087     412      965.6     4319.3
   6.106     413      980.1     4326.9
   6.122     414      990.4     4440.2
   6.139     415     1026.2     4432.0
   6.156     416      993.6     4379.7
   6.174     417     1065.9     4505.0
   6.191     418     1037.5     4470.8
   6.207     419     1069.2     4491.6
   6.225     420     1081.9     4533.3
   6.242     421     1077.6     4487.1
   6.259     422     1031.9     4426.1
   6.276     423     1036.5     4436.0
   6.293     424     1060.1     4570.0
   6.309     425     1058.7     4494.3
   6.326     426     1111.1     4435.9
   6.343     427     1033.0     4456.1
   6.360     428     1106.4     4390.4
   6.378     429     1101.5     4404.0
   6.395     430     1132.7     4346.9
   6.412     431     1082.0     4360.5
   6.429     432     1123.0     4279.3
   6.445     433     1103.2     4296.2
   6.462     434     1087.7     4301.6
   6.478     435     1040.2     4305.6
   6.495     436     1190.2     4439.0
   6.512     437     1314.9     4642.5
   6.529     438     1073.7     4274.2
   6.546     439     1261.3     4611.2
   6.563     440     1276.9     4549.6
   6.581     441     1253.5     4502.9
   6.596     442     1230.5     4555.2
   6.614     443     1268.1     4588.0
   6.631     444     1233.3     4543.1
   6.647     445     1198.3     4512.3
   6.665     446     1249.0     4434.8
   6.681     447     1261.7     4507.6
   6.698     448     1212.7     4489.9
   6.715     449     1216.7     4402.3
   6.731     450     1190.3     4446.6
   6.748     451     1188.5     4444.2
   6.765     452     1204.3     4336.2
   6.782     453     1231.5     4400.9
   6.799     454     1174.7     4339.7
   6.816     455     1198.1     4371.0
   6.832     456     1206.1     4381.6
   6.849     457     1423.3     4529.8
   6.866     458     1438.1     4635.0
   6.882     459     1452.0     4626.4
   6.901     460     1393.8     4548.7
   6.917     461     1378.0     4621.5
   6.936     462     1383.6     4614.0
   6.952     463     1277.9     4561.2
   6.969     464     1321.8     4596.1
   6.986     465     1343.1     4557.0
   7.002     466     1318.6     4520.6
   7.019     467     1311.4     4530.8
   7.036     468     1297.9     4559.8
   7.053     469     1283.7     4588.2
   7.070     470     1283.0     4539.3
   7.087     471     1304.3     4475.0
   7.104     472     1267.5     4464.8
   7.121     473     1305.0     4416.6
   7.139     474     1247.9     4431.3
   7.155     475     1256.9     4442.7
   7.172     476     1269.3     4414.4
   7.189     477     1282.4     4399.6
   7.206     478     1311.6     4358.7
   7.223     479     1288.2     4353.9
   7.240     480     1270.0     4320.4
   7.257     481     1281.2     4361.2
   7.274     482     1280.3     4313.5
   7.290     483     1315.5     4322.6
   7.307     484     1340.2     4405.7
   7.324     485     1400.7     4469.4
   7.341     486     1417.7     4451.5
   7.360     487     1429.5     4426.4
   7.376     488     1330.5     4382.9
   7.393     489     1442.1     4456.3
   7.409     490     1434.5     4505.7
   7.426     491     1481.8     4505.4
   7.443     492     1468.4     4523.2
   7.462     493     1456.8     4548.4
   7.478     494     1376.2     4372.9
   7.495     495     1306.0     4271.0
   7.512     496     1264.4     4254.3
   7.528     497     1283.6     4285.6
   7.547     498     1267.9     4245.8
   7.563     499     1220.9     4151.3
   7.581     500     1222.3     4183.3
   7.597     501     1215.0     4179.6
   7.614     502     1230.1     4144.7
   7.631     503     1240.4     4150.1
   7.648     504     1253.3     4167.6
   7.665     505     1266.7     4186.5
   7.681     506     1259.5     4189.8
   7.698     507     1251.3     4200.7
   7.715     508     1274.0     4182.5
   7.732     509     1265.8     4184.0
   7.749     510     1274.2     4262.8
   7.766     511     1320.1     4221.0
   7.783     512     1296.2     4149.2
   7.800     513     1385.8     4367.2
   7.816     514     1302.3     4215.7
   7.833     515     1469.6     4373.1
   7.851     516     1349.0     4259.6
   7.868     517     1446.0     4416.2
   7.884     518     1318.1     4294.0
   7.901     519     1411.8     4414.9
   7.918     520     1359.6     4300.9
   7.935     521     1404.8     4356.6
   7.951     522     1408.0     4378.3
   7.968     523     1350.4     4278.2
   7.985     524     1372.2     4352.1
   8.002     525     1403.8     4369.5
   8.019     526     1376.4     4327.5
   8.036     527     1420.4     4350.3
   8.053     528     1404.2     4298.1
   8.070     529     1245.2     4196.6
   8.086     530     1336.1     4286.5
   8.106     531     1362.3     4269.8
   8.122     532     1328.5     4161.5
   8.138     533     1312.3     4212.0
   8.155     534     1283.0     4253.6
   8.172     535     1331.0     4173.9
   8.189     536     1335.1     4214.0
   8.206     537     1337.4     4249.4
   8.222     538     1327.8     4165.0
   8.239     539     1352.2     4188.3
   8.256     540     1328.6     4206.8
   8.273     541     1346.5     4149.6
   8.290     542     1354.1     4235.6
   8.307     543     1346.0     4202.8
   8.324     544     1373.5     4181.9
   8.341     545     1370.8     4213.3
   8.358     546     1392.1     4203.0
   8.374     547     1365.3     4205.7
   8.393     548     1352.4     4232.5
   8.409     549     1443.1     4248.4
   8.426     550     1396.7     4260.6
   8.443     551     1372.7     4229.9
   8.460     552     1387.5     4200.6
   8.478     553     1386.8     4221.7
   8.494     554     1462.5     4305.9
   8.511     555     1491.4     4228.2
   8.527     556     1415.9     4274.4
   8.544     557     1428.7     4189.9
   8.561     558     1435.9     4238.2
   8.578     559     1446.0     4279.2
   8.595     560     1403.0     4252.4
   8.612     561     1502.0     4300.5
   8.628     562     1476.5     4257.3
   8.645     563     1456.2     4278.6
   8.662     564     1449.6     4274.4
   8.679     565     1451.2     4246.6
   8.696     566     1423.3     4195.4
   8.713     567     1447.4     4187.7
   8.730     568     1443.0     4164.0
   8.747     569     1480.1     4216.9
   8.764     570     1467.5     4197.5
   8.780     571     1521.6     4198.4
   8.797     572     1436.2     4237.6
   8.814     573     1493.5     4293.4
   8.831     574     1482.0     4207.1
   8.848     575     1477.2     4231.9
   8.865     576     1524.6     4196.4
   8.882     577     1488.5     4196.9
   8.899     578     1452.4     4202.7
   8.915     579     1445.2     4245.8
   8.932     580     1450.6     4217.0
   8.949     581     1421.5     4152.8
   8.966     582     1398.5     4205.4
   8.983     583     1427.7     4205.9
   9.000     584     1552.9     4395.1
   9.017     585     1533.5     4315.8
   9.034     586     1707.2     4547.6
   9.050     587     1700.0     4516.4
   9.067     588     1704.5     4548.3
   9.084     589     1702.6     4498.8
   9.101     590     1748.0     4570.5
   9.118     591     1700.1     4564.9
   9.135     592     1680.1     4440.0
   9.152     593     1725.6     4469.7
   9.169     594     1714.8     4495.7
   9.185     595     1705.6     4505.3
   9.202     596     1671.2     4441.9
   9.219     597     1664.7     4411.7
   9.236     598     1682.1     4408.5
   9.253     599     1687.4     4410.5
   9.270     600     1665.0     4420.7
   9.287     601     1596.5     4413.9
   9.304     602     1614.5     4361.8
   9.320     603     1622.9     4329.5
   9.337     604     1650.2     4361.9
   9.354     605     1641.1     4393.7
   9.372     606     1581.1     4290.7
   9.389     607     1577.6     4305.4
   9.405     608     1576.4     4280.8
   9.422     609     1559.0     4286.5
   9.439     610     1570.4     4279.6
   9.456     611     1529.4     4296.8
   9.472     612     1531.2     4313.2
   9.488     613     1919.1     4768.4
   9.505     614     1526.4     4181.9
   9.522     615     1519.6     4190.9
   9.538     616     1517.6     4268.3
   9.555     617     1501.2     4227.6
   9.572     618     1630.7     4311.4
   9.589     619     1590.0     4307.1
   9.606     620     1638.9     4425.4
   9.623     621     1488.5     4189.2
   9.639     622     1646.8     4356.3
   9.656     623     1645.3     4377.5
   9.675     624     1627.3     4392.5
   9.691     625     1620.7     4295.1
   9.708     626     1639.8     4356.5
   9.725     627     1488.6     4114.4
   9.742     628     1520.3     4139.2
   9.758     629     1537.6     4178.3
   9.776     630     1527.5     4220.3
   9.792     631     1564.1     4224.6
   9.809     632     1572.6     4220.0
   9.826     633     1590.0     4235.8
   9.843     634     1561.5     4200.6
   9.860     635     1556.7     4244.2
   9.877     636     1586.2     4252.1
   9.893     637     1587.2     4258.4
   9.910     638     1613.3     4307.2
   9.927     639     1604.9     4300.4
   9.944     640     1608.8     4304.2
   9.961     641     1641.6     4278.3
   9.978     642     1608.8     4322.8
   9.996     643     1615.8     4313.6
  10.013     644     1648.7     4326.6
  10.029     645     1615.1     4286.1
  10.046     646     1612.3     4374.8
  10.063     647     1664.4     4352.1
  10.082     648     1670.0     4316.2
  10.098     649     1712.7     4317.2
  10.115     650     1723.9     4320.4
  10.132     651     1676.0     4309.1
  10.148     652     1719.1     4365.9
  10.165     653     1741.8     4392.8
  10.182     654     1737.7     4321.7
  10.199     655     1747.4     4414.4
  10.216     656     1774.4     4349.3
  10.233     657     1740.1     4375.5
  10.250     658     1736.7     4351.3
  10.267     659     1722.0     4371.4
  10.284     660     1768.9     4406.8
  10.300     661     1792.7     4402.8
  10.317     662     1696.1     4434.9
  10.334     663     1761.1     4425.9
  10.351     664     1765.6     4460.5
  10.368     665     1737.7     4459.4
  10.385     666     1737.8     4496.1
  10.401     667     1734.2     4491.4
  10.418     668     1793.5     4432.3
  10.435     669     1798.0     4397.6
  10.451     670     1778.2     4481.9
  10.468     671     1768.4     4476.4
  10.485     672     1801.2     4481.7
  10.502     673     1758.4     4480.2
  10.519     674     1813.7     4454.1
  10.536     675     1850.1     4414.5
  10.553     676     1865.0     4473.3
  10.570     677     1864.4     4326.7
  10.591     678     1894.0     4287.2
  10.614     679     1894.0     4287.2
  10.632     680     1937.7     4275.6
  10.648     681     1944.0     4287.3
  10.665     682     1888.8     4330.4
  10.682     683     1944.6     4296.1
  10.699     684     1875.5     4309.9
  10.716     685     1887.1     4322.8
  10.733     686     1885.4     4276.8
  10.750     687     1885.8     4248.4
  10.766     688     1842.2     4335.0
  10.783     689     1872.9     4323.4
  10.802     690     1882.3     4290.8
  10.818     691     1889.2     4349.9
  10.835     692     1826.4     4337.5
  10.852     693     1883.0     4307.8
  10.870     694     1852.4     4348.7
  10.886     695     1879.3     4391.1
  10.903     696     1872.7     4313.1
  10.920     697     1876.3     4355.9
  10.937     698     1883.0     4307.8
  10.957     699     1894.5     4283.0
  10.977     700     1881.5     4300.5
  10.994     701     1902.4     4272.5
  11.010     702     1918.8     4334.8
  11.027     703     1846.1     4308.7
  11.045     704     1864.1     4284.7
  11.061     705     1874.4     4270.8
  11.078     706     1854.7     4313.8
  11.095     707     1869.6     4296.8
  11.113     708     1880.5     4291.5
  11.129     709     1887.2     4279.7
  11.149     710     1853.9     4296.8
  11.165     711     1854.7     4350.7
  11.182     712     1866.8     4356.9
  11.200     713     1873.1     4319.6
  11.217     714     1868.1     4343.7
  11.233     715     1894.4     4347.4
  11.249     716     1891.2     4369.7
  11.266     717     1887.7     4385.4
  11.285     718     1933.9     4342.1
  11.301     719     1925.8     4394.9
  11.318     720     1917.1     4404.2
  11.335     721     1943.5     4360.2
  11.352     722     1981.8     4356.3
  11.368     723     1986.8     4411.1
  11.385     724     1948.7     4384.5
  11.404     725     1933.1     4363.6
  11.425     726     1933.1     4363.6
  11.445     727     1909.4     4321.7
  11.465     728     1941.0     4359.0
  11.481     729     1998.1     4366.9
  11.498     730     2014.5     4381.8
  11.516     731     2038.2     4361.8
  11.533     732     2000.2     4372.9
  11.550     733     2039.3     4363.9
  11.566     734     2044.9     4371.3
  11.583     735     2018.9     4408.1
  11.600     736     2078.3     4374.2
  11.617     737     2029.8     4292.9
  11.634     738     2019.1     4297.8
  11.651     739     2079.8     4333.4
  11.668     740     2057.5     4323.5
  11.685     741     2034.7     4352.8
  11.701     742     2092.8     4346.3
  11.718     743     2093.4     4324.9
  11.735     744     2080.7     4339.8
  11.752     745     2108.7     4302.4
  11.769     746     2091.2     4338.6
  11.786     747     2075.0     4325.9
  11.803     748     2092.7     4277.5
  11.820     749     2095.1     4291.6
  11.835     750     2072.7     4292.4
  11.860     751     2072.7     4292.4
  11.877     752     2079.5     4310.3
  11.894     753     2088.2     4271.9
  11.911     754     2109.9     4316.9
  11.927     755     2125.5     4357.2
  11.944     756     2128.9     4313.0
  11.961     757     2124.1     4339.8
  11.978     758     2111.8     4317.6
  11.997     759     2098.1     4257.7
  12.012     760     2128.2     4340.3
  12.030     761     2120.0     4265.9
  12.046     762     2121.3     4311.1
  12.063     763     2116.0     4317.1
  12.080     764     2100.9     4272.1
  12.099     765     2108.5     4282.3
  12.115     766     2117.6     4301.2
  12.132     767     2142.0     4300.4
  12.149     768     2143.9     4246.8
  12.166     769     2156.3     4323.6
  12.182     770     2175.2     4294.3
  12.198     771     2161.4     4321.2
  12.215     772     2141.6     4292.4
  12.233     773     2147.1     4293.5
  12.250     774     2141.2     4306.1
  12.267     775     2157.3     4269.3
  12.284     776     2174.8     4225.5
  12.301     777     2229.5     4292.0
  12.318     778     2125.4     4303.3
  12.334     779     2231.9     4293.1
  12.352     780     2211.1     4273.9
  12.368     781     2195.0     4269.1
  12.386     782     2173.3     4276.5
  12.402     783     2199.5     4293.3
  12.419     784     2217.0     4319.6
  12.436     785     2223.6     4302.3
  12.453     786     2192.7     4310.9
  12.470     787     2211.6     4354.5
  12.487     788     2208.7     4311.3
  12.504     789     2197.4     4342.9
  12.521     790     2239.9     4347.3
  12.538     791     2236.5     4321.2
  12.555     792     2212.5     4363.1
  12.573     793     2231.2     4328.3
  12.590     794     2253.7     4315.1
  12.608     795     2218.3     4304.2
  12.624     796     2193.9     4338.3
  12.641     797     2240.0     4348.8
  12.658     798     2266.1     4342.1
  12.675     799     2228.4     4311.3
  12.692     800     2220.0     4387.6
  12.710     801     2217.2     4373.1
  12.730     802     2210.0     4341.4
  12.748     803     2244.4     4409.3
  12.764     804     2280.3     4319.6
  12.785     805     2303.4     4361.5
  12.801     806     2294.1     4378.9
  12.818     807     2262.8     4348.0
  12.834     808     2283.7     4392.7
  12.851     809     2238.9     4348.0
  12.868     810     2286.9     4375.1
  12.884     811     2300.7     4335.7
  12.901     812     2297.9     4304.1
  12.918     813     2258.2     4371.7
  12.935     814     2293.4     4330.8
  12.951     815     2268.6     4351.3
  12.968     816     2256.3     4359.6
  12.985     817     2259.1     4359.1
  13.001     818     2231.2     4303.3
  13.018     819     2224.7     4277.8
  13.035     820     2182.5     4402.1
  13.052     821     2233.7     4251.1
  13.069     822     2209.8     4336.0
  13.086     823     2228.3     4327.4
  13.103     824     2215.6     4344.3
  13.120     825     2233.3     4289.7
  13.137     826     2228.5     4355.6
  13.154     827     2245.8     4313.1
  13.171     828     2306.6     4370.9
  13.188     829     2243.7     4351.1
  13.204     830     2268.9     4381.5
  13.221     831     2269.1     4393.4
  13.238     832     2238.8     4461.3
  13.254     833     2269.9     4443.5
  13.271     834     2237.0     4424.1
  13.289     835     2218.9     4449.8
  13.306     836     2252.5     4458.5
  13.323     837     2261.1     4416.2
  13.340     838     2266.7     4494.1
  13.357     839     2220.0     4421.1
  13.373     840     2263.9     4448.7
  13.390     841     2250.0     4444.7
  13.406     842     2238.2     4470.4
  13.423     843     2249.9     4500.9
  13.440     844     2287.6     4415.4
  13.458     845     2276.9     4375.6
  13.474     846     2260.8     4402.7
  13.492     847     2314.3     4397.8
  13.508     848     2281.1     4411.5
  13.525     849     2283.1     4340.1
  13.541     850     2283.3     4357.2
  13.558     851     2268.4     4381.5
  13.575     852     2219.7     4322.8
  13.591     853     2249.6     4373.5
  13.608     854     2239.3     4345.8
  13.625     855     2225.7     4400.4
  13.642     856     2282.7     4425.5
  13.658     857     2240.9     4474.2
  13.675     858     2259.2     4368.8
  13.693     859     2275.4     4357.0
  13.710     860     2257.9     4329.2
  13.727     861     2275.6     4362.7
  13.744     862     2271.4     4385.1
  13.761     863     2283.2     4354.1
  13.778     864     2329.8     4373.5
  13.793     865     2292.8     4366.9
  13.810     866     2316.5     4342.7
  13.827     867     2298.8     4282.9
  13.844     868     2333.8     4358.3
  13.861     869     2344.7     4328.3
  13.878     870     2355.2     4299.1
  13.896     871     2365.3     4270.1
  13.913     872     2347.4     4343.7
  13.929     873     2380.9     4327.9
  13.946     874     2370.2     4359.3
  13.963     875     2381.9     4393.9
  13.980     876     2402.0     4396.3
  13.996     877     2429.2     4421.1
  14.013     878     2417.2     4405.0
  14.030     879     2414.9     4355.9
  14.047     880     2421.1     4379.8
  14.064     881     2469.5     4362.5
  14.080     882     2428.5     4447.2
  14.098     883     2458.1     4364.9
  14.117     884     2424.3     4409.9
  14.133     885     2499.7     4379.5
  14.150     886     2499.1     4378.1
  14.167     887     2458.8     4396.7
  14.184     888     2467.1     4414.0
  14.200     889     2494.7     4402.2
  14.216     890     2482.9     4456.8
  14.233     891     2465.6     4351.1
  14.249     892     2426.5     4388.8
  14.266     893     2465.4     4363.2
  14.283     894     2576.9     4565.0
  14.301     895     2401.8     4361.4
  14.318     896     2518.5     4506.0
  14.335     897     2562.6     4493.0
  14.352     898     2799.4     4778.7
  14.368     899     2784.4     4735.8
  14.385     900     2737.7     4768.2
  14.403     901     2765.8     4770.9
  14.419     902     2839.3     4730.9
  14.436     903     2795.0     4696.3
  14.454     904     2765.9     4663.8
  14.470     905     2692.7     4642.8
  14.491     906     2688.2     4683.4
  14.509     907     2767.4     4635.4
  14.527     908     2707.2     4555.1
  14.542     909     2634.3     4618.2
  14.559     910     3012.3     5004.1
  14.576     911     2873.5     4915.0
  14.591     912     3391.1     5503.3
  14.608     913     3357.9     5565.9
  14.625     914     2965.1     4953.7
  14.642     915     2537.0     4446.9
  14.659     916     2529.7     4478.5
  14.676     917     2464.0     4427.2
  14.694     918     2505.9     4381.3
  14.711     919     2528.7     4513.3
  14.728     920     2587.4     4526.5
  14.744     921     2566.6     4456.6
  14.761     922     2555.9     4437.4
  14.780     923     2525.6     4432.1
  14.795     924     2540.0     4403.4
  14.812     925     2559.8     4447.5
  14.829     926     2547.5     4377.9
  14.846     927     2494.9     4337.5
  14.864     928     2563.8     4352.3
  14.881     929     2526.1     4379.0
  14.898     930     2514.5     4303.9
  14.915     931     2632.9     4473.5
  14.932     932     2514.1     4297.8
  14.949     933     2622.8     4531.1
  14.966     934     2643.8     4453.6
  14.983     935     2555.4     4401.1
  14.999     936     2561.2     4455.9
  15.015     937     2535.1     4307.4
  15.032     938     2535.6     4367.1
  15.049     939     2470.9     4310.3
  15.066     940     2478.4     4291.6
  15.083     941     2531.2     4337.0
  15.101     942     2668.1     4610.7
  15.118     943     2467.2     4342.5
  15.136     944     2528.0     4310.2
  15.154     945     2530.3     4331.2
  15.172     946     2544.1     4312.9
  15.188     947     2644.1     4423.5
  15.204     948     2584.6     4511.4
  15.222     949     2608.2     4444.8
  15.240     950     2637.6     4437.7
  15.256     951     2595.0     4465.3
  15.274     952     2593.5     4420.5
  15.293     953     2605.4     4442.9
  15.309     954     2664.9     4462.5
  15.326     955     2665.4     4469.3
  15.343     956     2610.1     4334.8
  15.360     957     2642.8     4363.3
  15.376     958     2534.8     4258.1
  15.396     959     2590.5     4297.3
  15.412     960     2644.3     4417.2
  15.429     961     2626.0     4329.8
  15.447     962     2659.0     4301.1
  15.463     963     2677.1     4368.4
  15.481     964     2678.6     4333.8
  15.502     965     2713.9     4343.0
  15.519     966     2656.5     4322.6
  15.537     967     2677.8     4351.1
  15.554     968     2608.3     4321.0
  15.572     969     2651.7     4372.4
  15.588     970     2696.1     4355.7
  15.604     971     2670.9     4374.1
  15.620     972     2644.0     4348.0
  15.637     973     2654.3     4337.9
  15.656     974     2720.6     4339.7
  15.672     975     2701.3     4397.6
  15.689     976     2724.9     4373.9
  15.707     977     2718.2     4350.5
  15.723     978     2730.8     4349.9
  15.740     979     2714.7     4355.2
  15.759     980     2713.1     4315.1
  15.775     981     2754.7     4402.5
  15.792     982     2709.8     4397.9
  15.808     983     2739.6     4332.3
  15.825     984     2739.9     4359.3
  15.842     985     2742.3     4310.7
  15.858     986     2727.8     4287.8
  15.875     987     2710.9     4267.0
  15.892     988     2698.1     4339.8
  15.909     989     2708.9     4266.7
  15.926     990     2702.8     4270.5
  15.943     991     2649.7     4322.0
  15.960     992     2676.8     4320.6
  15.977     993     2674.5     4315.8
  15.994     994     2655.5     4322.3
  16.011     995     2720.0     4389.5
  16.028     996     2810.6     4423.4
  16.045     997     2917.4     4648.5
  16.062     998     2876.9     4636.5
  16.079     999     2860.3     4648.4
  16.096    1000     2883.7     4638.2
  16.112    1001     2856.5     4621.8
  16.128    1002     2878.5     4572.8
  16.145    1003     2863.7     4558.9
  16.162    1004     2911.0     4565.0
  16.181    1005     2879.8     4567.9
  16.200    1006     2836.1     4528.4
  16.219    1007     2827.3     4484.9
  16.235    1008     2862.1     4519.0
  16.252    1009     2862.5     4437.1
  16.269    1010     2848.0     4493.4
  16.286    1011     2867.8     4553.5
  16.304    1012     2882.7     4549.3
  16.321    1013     2847.1     4485.3
  16.337    1014     2814.3     4411.0
  16.354    1015     2814.7     4349.7
  16.371    1016     2793.4     4323.6
  16.388    1017     2724.1     4344.5
  16.406    1018     2768.9     4340.0
  16.422    1019     2712.7     4346.5
  16.439    1020     2738.0     4407.5
  16.456    1021     2776.1     4332.9
  16.473    1022     2792.9     4331.1
  16.490    1023     2750.4     4311.0
  16.505    1024     2798.5     4366.1
  16.522    1025     2773.4     4333.4
  16.539    1026     2771.7     4415.2
  16.556    1027     2771.0     4320.9
  16.573    1028     2769.7     4377.6
  16.590    1029     2758.5     4422.6
  16.607    1030     2790.4     4356.2
  16.623    1031     2829.5     4418.6
  16.640    1032     2735.9     4450.7
  16.657    1033     2789.2     4421.1
  16.674    1034     2757.4     4506.5
  16.691    1035     2849.9     4247.6
  16.709    1036     2861.2     4300.0
  16.726    1037     2846.5     4404.7
  16.743    1038     2836.3     4341.4
  16.760    1039     2894.7     4364.3
  16.776    1040     2869.1     4308.0
  16.793    1041     2853.5     4353.3
  16.809    1042     2900.6     4277.4
  16.826    1043     2876.9     4245.8
  16.843    1044     2878.9     4287.4
  16.860    1045     2949.2     4265.3
  16.878    1046     2903.3     4224.2
  16.895    1047     2930.6     4290.1
  16.914    1048     2911.4     4264.5
  16.930    1049     2897.8     4231.6
  16.947    1050     2907.5     4330.0
  16.964    1051     2903.3     4261.5
  16.981    1052     2936.6     4318.4
  16.998    1053     2951.5     4301.0
  17.015    1054     2955.5     4417.2
  17.031    1055     2932.1     4463.0
  17.048    1056     3029.1     4392.7
  17.067    1057     2939.1     4408.7
  17.083    1058     2962.1     4527.3
  17.100    1059     2974.8     4428.6
  17.119    1060     3012.0     4491.5
  17.136    1061     3033.0     4542.5
  17.152    1062     2970.7     4437.5
  17.169    1063     3018.4     4433.3
  17.188    1064     3102.7     4545.8
  17.203    1065     3078.8     4527.9
  17.220    1066     2958.0     4345.6
  17.237    1067     2944.5     4399.0
  17.254    1068     2854.2     4200.9
  17.271    1069     2815.5     4189.3
  17.287    1070     2814.3     4157.0
  17.304    1071     2791.8     4180.6
  17.322    1072     2827.2     4237.0
  17.339    1073     2833.1     4206.8
  17.356    1074     2877.3     4274.9
  17.373    1075     2883.0     4267.3
  17.388    1076     2897.8     4225.3
  17.403    1077     2909.3     4247.9
  17.420    1078     2954.7     4330.2
  17.437    1079     2959.0     4335.0
  17.453    1080     2957.8     4383.8
  17.470    1081     2919.6     4228.0
  17.487    1082     3033.5     4360.9
  17.504    1083     3041.6     4309.2
  17.522    1084     3000.6     4272.9
  17.539    1085     3041.8     4258.5
  17.556    1086     3065.7     4340.1
  17.573    1087     3034.2     4275.7
  17.589    1088     3050.2     4272.3
  17.605    1089     3094.4     4272.2
  17.622    1090     3089.3     4275.8
  17.639    1091     3066.9     4283.3
  17.656    1092     3055.2     4343.2
  17.673    1093     3064.7     4301.8
  17.690    1094     3038.3     4324.9
  17.707    1095     3028.1     4291.7
  17.724    1096     3005.4     4274.5
  17.741    1097     3087.9     4329.1
  17.758    1098     3021.7     4213.2
  17.775    1099     2992.7     4288.5
  17.792    1100     2975.0     4321.9
  17.808    1101     2963.3     4236.1
  17.826    1102     3029.9     4311.2
  17.843    1103     3048.0     4276.1
  17.859    1104     3007.4     4202.8
  17.878    1105     3043.0     4264.2
  17.894    1106     3089.6     4271.1
  17.911    1107     3017.5     4243.9
  17.928    1108     3068.7     4259.0
  17.945    1109     3081.8     4298.8
  17.962    1110     3073.4     4274.9
  17.979    1111     3102.6     4238.8
  17.996    1112     3114.9     4186.9
  18.012    1113     3102.9     4219.7
  18.029    1114     3124.9     4263.5
  18.046    1115     3139.7     4222.4
  18.063    1116     3121.8     4242.3
  18.080    1117     3141.7     4204.5
  18.098    1118     3132.8     4213.1
  18.115    1119     3142.0     4203.2
  18.132    1120     3094.3     4188.6
  18.148    1121     3170.8     4186.9
  18.165    1122     3138.2     4180.9
  18.182    1123     3132.7     4217.2
  18.198    1124     3114.6     4218.9
  18.215    1125     3148.3     4238.0
  18.232    1126     3180.4     4196.2
  18.249    1127     3134.6     4177.4
  18.266    1128     3210.4     4164.8
  18.283    1129     3134.4     4264.0
  18.299    1130     3184.2     4184.3
  18.317    1131     3157.6     4197.7
  18.334    1132     3165.9     4258.8
  18.351    1133     3188.6     4232.5
  18.368    1134     3169.1     4178.4
  18.387    1135     3169.2     4219.9
  18.402    1136     3235.0     4159.9
  18.419    1137     3220.0     4189.2
  18.434    1138     3183.8     4186.4
  18.452    1139     3160.0     4168.8
  18.469    1140     3185.0     4171.8
  18.485    1141     3185.3     4178.2
  18.503    1142     3182.6     4181.7
  18.519    1143     3197.5     4201.9
  18.536    1144     3201.3     4225.8
  18.553    1145     3174.8     4218.1
  18.569    1146     3181.4     4248.8
  18.586    1147     3204.1     4197.4
  18.603    1148     3165.0     4259.5
  18.621    1149     3212.5     4197.7
  18.638    1150     3187.6     4277.1
  18.654    1151     3192.3     4239.4
  18.671    1152     3162.0     4269.1
  18.688    1153     3200.8     4265.2
  18.705    1154     3196.0     4302.9
  18.721    1155     3213.8     4308.4
  18.738    1156     3215.2     4262.6
  18.755    1157     3188.8     4415.4
  18.774    1158     3154.8     4355.5
  18.790    1159     3207.9     4341.1
  18.807    1160     3175.0     4287.2
  18.824    1161     3166.9     4358.3
  18.843    1162     3153.0     4326.1
  18.858    1163     3172.5     4405.7
  18.875    1164     3140.0     4385.9
  18.891    1165     3143.7     4374.3
  18.910    1166     3147.1     4428.9
  18.926    1167     3221.3     4337.6
  18.943    1168     3153.4     4369.9
  18.960    1169     3156.0     4359.3
  18.977    1170     3146.4     4391.3
  18.993    1171     3098.1     4461.0
  19.010    1172     3170.9     4399.1
  19.027    1173     3142.5     4461.0
  19.044    1174     3137.7     4422.1
  19.061    1175     3172.0     4363.9
  19.079    1176     3163.3     4366.8
  19.096    1177     3182.3     4500.3
  19.112    1178     3159.8     4437.9
  19.129    1179     3143.3     4440.5
  19.146    1180     3158.3     4458.0
  19.163    1181     3177.8     4415.9
  19.180    1182     3194.3     4441.6
  19.197    1183     3177.9     4431.9
  19.214    1184     3196.3     4389.3
  19.231    1185     3154.5     4417.7
  19.247    1186     3208.1     4437.2
  19.264    1187     3197.6     4409.9
  19.281    1188     3171.4     4450.2
  19.298    1189     3157.6     4449.5
  19.315    1190     3224.7     4356.5
  19.332    1191     3164.2     4488.4
  19.349    1192     3168.6     4356.3
  19.367    1193     3123.3     4444.7
  19.383    1194     3233.1     4405.0
  19.400    1195     3186.6     4365.6
  19.417    1196     3138.7     4457.4
  19.434    1197     3219.7     4403.0
  19.452    1198     3254.1     4344.4
  19.469    1199     3271.1     4366.3
  19.485    1200     3283.1     4280.8
  19.502    1201     3276.2     4311.5
  19.518    1202     3236.3     4323.9
  19.535    1203     3316.0     4324.7
  19.552    1204     3353.8     4321.0
  19.569    1205     3375.7     4267.9
  19.586    1206     3347.2     4312.3
  19.603    1207     3404.4     4312.9
  19.620    1208     3380.7     4324.7
  19.637    1209     3353.3     4281.2
  19.655    1210     3388.8     4296.6
  19.670    1211     3357.4     4337.1
  19.687    1212     3382.1     4290.2
  19.705    1213     3386.1     4288.5
  19.724    1214     3377.2     4276.7
  19.741    1215     3342.1     4302.7
  19.759    1216     3380.1     4309.0
  19.775    1217     3154.8     4635.6
  19.792    1218     3322.8     4446.8
  19.809    1219     3256.5     4505.7
  19.826    1220     3263.4     4496.4
  19.843    1221     3271.5     4461.1
  19.860    1222     3253.5     4452.7
  19.877    1223     3269.9     4503.3
  19.894    1224     3274.1     4514.4
  19.911    1225     3290.5     4479.0
  19.927    1226     3226.6     4508.6
  19.944    1227     3221.3     4560.9
  19.961    1228     3245.6     4465.4
  19.978    1229     3249.9     4513.3
  19.995    1230     3271.1     4484.2
  20.012    1231     3244.1     4503.8
  20.029    1232     3245.1     4490.4
  20.045    1233     3283.6     4514.6
  20.062    1234     3253.5     4531.5
  20.079    1235     3322.1     4431.0
  20.096    1236     3245.4     4532.8
  20.113    1237     3261.1     4522.7
  20.130    1238     3237.9     4491.7
  20.147    1239     3299.8     4503.8
  20.164    1240     3341.8     4404.0
  20.181    1241     3354.5     4467.6
  20.197    1242     3279.7     4472.6
  20.214    1243     3285.6     4507.9
  20.231    1244     3258.2     4522.7
  20.248    1245     3238.9     4498.6
  20.265    1246     3297.5     4515.1
  20.282    1247     3181.5     4611.6
  20.299    1248     3114.5     4721.7
  20.315    1249     3101.6     4780.6
  20.332    1250     3084.5     4696.8
  20.349    1251     3088.9     4694.3
  20.366    1252     3165.0     4732.2
  20.383    1253     3136.1     4705.0
  20.400    1254     3137.8     4669.2
  20.417    1255     3198.2     4647.8
  20.434    1256     3220.0     4655.7
  20.451    1257     3208.1     4647.8
  20.467    1258     3214.3     4659.4
  20.484    1259     3223.4     4626.2
  20.501    1260     3222.5     4670.3
  20.518    1261     3221.5     4712.3
  20.535    1262     3204.4     4651.7
  20.552    1263     3222.9     4665.0
  20.569    1264     3273.5     4669.2
  20.586    1265     3275.3     4722.3
  20.602    1266     3238.3     4736.9
  20.619    1267     3300.5     4698.0
  20.636    1268     3294.5     4736.6
  20.653    1269     3315.0     4723.6
  20.670    1270     3297.5     4767.8
  20.687    1271     3369.9     4829.0
  20.704    1272     3368.7     4866.8
  20.721    1273     3626.1     5169.9
  20.739    1274     3294.7     4690.2
  20.755    1275     3486.6     5004.3
  20.771    1276     3245.7     4578.5
  20.788    1277     3301.6     4613.2
  20.805    1278     3368.0     4605.4
  20.822    1279     3336.6     4625.9
  20.839    1280     3309.2     4622.7
  20.857    1281     3348.9     4607.4
  20.874    1282     3337.1     4534.6
  20.889    1283     3272.1     4628.4
  20.907    1284     3352.8     4721.4
  20.923    1285     3367.0     4608.6
  20.939    1286     3383.2     4630.1
  20.957    1287     3392.9     4585.8
  20.973    1288     3423.7     4561.7
  20.990    1289     3381.5     4529.2
  21.007    1290     3388.7     4504.3
  21.025    1291     3419.3     4530.2
  21.041    1292     3410.7     4552.6
  21.058    1293     3410.4     4556.9
  21.075    1294     3445.3     4547.2
  21.092    1295     3429.3     4512.4
  21.109    1296     3448.5     4469.4
  21.126    1297     3520.7     4500.1
  21.143    1298     3472.7     4424.0
  21.160    1299     3555.7     4467.5
  21.177    1300     3533.4     4450.3
  21.194    1301     3566.3     4463.0
  21.212    1302     3551.3     4442.9
  21.228    1303     3572.2     4293.8
  21.245    1304     3519.4     4325.6
  21.262    1305     3633.3     4409.0
  21.279    1306     3616.2     4395.6
  21.295    1307     3551.2     4333.1
  21.312    1308     3577.3     4391.3
  21.329    1309     3559.9     4273.4
  21.346    1310     3608.3     4353.3
  21.363    1311     3624.7     4332.9
  21.380    1312     3594.2     4311.5
  21.397    1313     3616.2     4307.9
  21.414    1314     3637.1     4300.2
  21.431    1315     3585.2     4272.1
  21.447    1316     3604.1     4383.8
  21.464    1317     3653.2     4294.4
  21.481    1318     3657.1     4266.9
  21.498    1319     3619.1     4283.4
  21.514    1320     3618.8     4259.1
  21.531    1321     3606.3     4300.4
  21.548    1322     3681.9     4328.7
  21.565    1323     3649.7     4258.5
  21.581    1324     3618.2     4366.4
  21.598    1325     3627.2     4268.0
  21.615    1326     3639.6     4321.3
  21.632    1327     3630.0     4345.4
  21.649    1328     3414.3     4547.3
  21.666    1329     3635.0     4346.6
  21.683    1330     3392.4     4751.3
  21.700    1331     3563.7     4510.3
  21.717    1332     3611.8     4302.7
  21.733    1333     3568.6     4545.0
  21.750    1334     3459.7     4649.0
  21.767    1335     3549.0     4391.5
  21.784    1336     3732.8     4331.3
  21.801    1337     3456.7     4668.6
  21.818    1338     3502.9     4633.5
  21.835    1339     3494.6     4655.9
  21.852    1340     3511.5     4699.7
  21.868    1341     3503.6     4608.8
  21.885    1342     3489.7     4627.4
  21.902    1343     3440.3     4662.6
  21.919    1344     3490.8     4661.2
  21.936    1345     3509.4     4749.9
  21.953    1346     3430.3     4742.7
  21.970    1347     3482.7     4672.0
  21.987    1348     3499.8     4702.5
  22.003    1349     3601.8     4608.2
  22.019    1350     3538.9     4560.2
  22.036    1351     3537.7     4664.5
  22.053    1352     3571.8     4618.2
  22.071    1353     3621.6     4611.0
  22.088    1354     3595.5     4557.0
  22.105    1355     3585.6     4690.3
  22.122    1356     3603.4     4732.8
  22.139    1357     3604.8     4688.5
  22.156    1358     3598.1     4679.6
  22.171    1359     3612.7     4647.8
  22.188    1360     3548.2     4567.2
  22.205    1361     3545.7     4665.7
  22.223    1362     3579.0     4723.4
  22.239    1363     3579.3     4663.0
  22.256    1364     3575.5     4583.9
  22.274    1365     3555.5     4617.5
  22.290    1366     3606.8     4649.8
  22.307    1367     3555.6     4580.3
  22.324    1368     3570.2     4573.1
  22.341    1369     3595.4     4557.6
  22.358    1370     3632.5     4597.7
  22.375    1371     3635.8     4622.3
  22.391    1372     3603.2     4637.3
  22.408    1373     3692.4     4596.1
  22.424    1374     3696.4     4613.9
  22.441    1375     3701.0     4656.9
  22.459    1376     3708.1     4671.3
  22.476    1377     3709.7     4585.0
  22.493    1378     3739.5     4605.7
  22.510    1379     3778.5     4688.7
  22.527    1380     3757.6     4654.8
  22.544    1381     3683.5     4600.7
  22.562    1382     3699.6     4676.9
  22.577    1383     3682.5     4573.0
  22.594    1384     3680.6     4562.7
  22.611    1385     3727.5     4596.3
  22.628    1386     3619.4     4488.6
  22.645    1387     3638.5     4512.4
  22.663    1388     3693.2     4569.0
  22.680    1389     3750.3     4614.8
  22.697    1390     3731.2     4597.4
  22.713    1391     3728.4     4638.2
  22.730    1392     3784.4     4624.8
  22.747    1393     3699.7     4585.4
  22.764    1394     3758.4     4587.2
  22.781    1395     3764.7     4648.0
  22.797    1396     3742.9     4600.4
  22.815    1397     3749.7     4566.7
  22.831    1398     3732.7     4542.3
  22.847    1399     3786.9     4620.3
  22.865    1400     3747.7     4580.7
  22.882    1401     3775.4     4604.9
  22.899    1402     3745.6     4592.2
  22.916    1403     3728.0     4601.6
  22.933    1404     3730.1     4616.2
  22.950    1405     3785.4     4598.7
  22.967    1406     3778.1     4643.9
  22.982    1407     3776.6     4549.2
  22.999    1408     3724.7     4570.0
  23.016    1409     3732.7     4625.5
  23.033    1410     3712.2     4648.0
  23.050    1411     3726.9     4719.0
  23.068    1412     3729.4     4664.9
  23.085    1413     3784.1     4630.9
  23.102    1414     3771.9     4622.8
  23.119    1415     3816.9     4676.6
  23.135    1416     3834.1     4582.2
  23.152    1417     3770.1     4613.9
  23.167    1418     3813.4     4589.2
  23.184    1419     3790.4     4611.2
  23.200    1420     3758.8     4579.4
  23.217    1421     3800.7     4552.6
  23.234    1422     3890.7     4676.7
  23.251    1423     3833.3     4600.4
  23.269    1424     3823.0     4559.2
  23.285    1425     3828.4     4574.6
  23.301    1426     3844.4     4541.7
  23.318    1427     3789.6     4585.8
  23.335    1428     4091.6     4978.5
  23.352    1429     3887.8     4670.3
  23.368    1430     3804.3     4545.8
  23.385    1431     3824.0     4544.2
  23.402    1432     3800.6     4613.8
  23.418    1433     3847.2     4635.6
  23.435    1434     3825.0     4594.3
  23.452    1435     3896.6     4615.6
  23.470    1436     3869.9     4634.5
  23.487    1437     3855.9     4659.2
  23.504    1438     3854.1     4623.8
  23.521    1439     3813.3     4536.8
  23.538    1440     4172.9     5078.2
  23.556    1441     4180.1     5051.4
  23.571    1442     3840.4     4484.6
  23.588    1443     3834.7     4512.7
  23.605    1444     3846.6     4489.4
  23.622    1445     3796.8     4447.1
  23.639    1446     3805.3     4429.6
  23.656    1447     3758.5     4421.4
  23.674    1448     3792.2     4406.2
  23.691    1449     3839.0     4436.7
  23.707    1450     3833.4     4363.5
  23.724    1451     3825.5     4426.8
  23.741    1452     3825.4     4385.9
  23.758    1453     3876.2     4366.4
  23.774    1454     3860.0     4363.9
  23.791    1455     3878.3     4420.2
  23.808    1456     3874.9     4372.4
  23.825    1457     3920.4     4452.7
  23.841    1458     3883.0     4361.6
  23.858    1459     3829.1     4416.5
  23.876    1460     3877.7     4451.4
  23.893    1461     3905.4     4432.9
  23.910    1462     3859.1     4412.3
  23.927    1463     3828.3     4487.0
  23.944    1464     3878.3     4456.0
  23.961    1465     3898.0     4526.6
  23.976    1466     3924.0     4408.1
  23.993    1467     3949.2     4405.2
  24.010    1468     3897.1     4499.7
  24.027    1469     3904.2     4487.2
  24.044    1470     3914.9     4471.2
  24.061    1471     3849.7     4623.7
  24.079    1472     3859.9     4643.4
  24.096    1473     3828.1     4564.2
  24.113    1474     3902.1     4702.9
  24.129    1475     3826.1     4520.3
  24.146    1476     3829.0     4559.7
  24.162    1477     3818.6     4545.8
  24.180    1478     3860.3     4601.5
  24.196    1479     3887.5     4512.6
  24.213    1480     3919.9     4527.3
  24.230    1481     3851.5     4471.2
  24.247    1482     3895.8     4532.5
  24.264    1483     3864.4     4465.7
  24.281    1484     3871.9     4561.7
  24.300    1485     4000.6     4406.5
  24.316    1486     3978.2     4419.9
  24.332    1487     3922.2     4336.9
  24.351    1488     3969.9     4383.0
  24.368    1489     3973.9     4431.6
  24.385    1490     3885.6     4570.0
  24.400    1491     4336.6     4986.7
  24.419    1492     4236.5     5130.9
  24.435    1493     3861.8     4591.8
  24.453    1494     3859.2     4588.3
  24.468    1495     3853.1     4580.1
  24.488    1496     3853.1     4580.1
  24.505    1497     3884.5     4561.6
  24.522    1498     3966.2     4485.6
  24.538    1499     3951.2     4465.5
  24.556    1500     4407.6     5091.6
  24.572    1501     4439.1     5033.1
  24.591    1502     4036.6     4487.6
  24.607    1503     3987.5     4381.4
  24.625    1504     3940.9     4384.0
  24.641    1505     3996.3     4463.6
  24.658    1506     3984.1     4441.6
  24.675    1507     3983.1     4476.2
  24.693    1508     4038.9     4406.9
  24.708    1509     3931.0     4336.6
  24.728    1510     3931.0     4336.6
  24.745    1511     3931.3     4310.8
  24.761    1512     3928.2     4329.2
  24.779    1513     3943.4     4415.0
  24.797    1514     3949.8     4389.4
  24.813    1515     4030.8     4434.3
  24.830    1516     4050.8     4473.5
  24.847    1517     4245.1     4748.2
  24.864    1518     4174.3     4664.2
  24.880    1519     4071.0     4476.0
  24.897    1520     4030.2     4451.3
  24.913    1521     4182.3     4661.9
  24.930    1522     4116.9     4589.3
  24.947    1523     4117.7     4581.0
  24.964    1524     4092.8     4533.0
  24.981    1525     4072.7     4512.0
  24.999    1526     4104.5     4571.8
  25.016    1527     4081.1     4491.3
  25.033    1528     4050.1     4503.9
  25.049    1529     4068.5     4463.2
  25.066    1530     4021.9     4445.5
  25.082    1531     4030.2     4432.7
  25.099    1532     4064.6     4465.8
  25.116    1533     3985.8     4455.1
  25.133    1534     4086.4     4434.3
  25.150    1535     4054.1     4429.0
  25.167    1536     4048.0     4387.8
  25.183    1537     4066.1     4423.6
  25.200    1538     4074.5     4354.7
  25.217    1539     4050.9     4372.2
  25.234    1540     4086.6     4385.7
  25.252    1541     4138.6     4456.6
  25.269    1542     4146.9     4424.7
  25.285    1543     4149.9     4442.4
  25.302    1544     4122.9     4426.2
  25.318    1545     4134.8     4436.6
  25.335    1546     4125.9     4472.3
  25.352    1547     4137.7     4401.4
  25.369    1548     4123.1     4419.5
  25.386    1549     4138.1     4462.9
  25.404    1550     4146.8     4456.2
  25.421    1551     4130.4     4409.7
  25.438    1552     4071.0     4409.0
  25.455    1553     4065.7     4388.8
  25.471    1554     4171.6     4471.5
  25.487    1555     4117.4     4401.0
  25.504    1556     4202.3     4477.3
  25.521    1557     4070.5     4377.3
  25.538    1558     4169.5     4394.5
  25.555    1559     4168.2     4401.4
  25.572    1560     4169.5     4394.5
  25.589    1561     4173.9     4457.8
  25.605    1562     4199.2     4476.3
  25.624    1563     4208.6     4529.9
  25.640    1564     4226.0     4509.0
  25.657    1565     4261.0     4508.3
  25.674    1566     4256.2     4555.1
  25.692    1567     4307.0     4539.2
  25.709    1568     4262.2     4579.9
  25.725    1569     4253.9     4563.1
  25.742    1570     4286.5     4573.1
  25.759    1571     4318.0     4588.2
  25.776    1572     4240.4     4499.6
  25.793    1573     4234.7     4583.1
  25.810    1574     4267.7     4519.9
  25.827    1575     4223.9     4588.6
  25.844    1576     4227.7     4582.5
  25.861    1577     4204.0     4622.3
  25.879    1578     4163.1     4512.5
  25.895    1579     4115.5     4545.7
  25.911    1580     4164.1     4496.1
  25.927    1581     4134.0     4588.7
  25.944    1582     4225.4     4621.3
  25.961    1583     4170.9     4678.9
  25.979    1584     4191.6     4697.8
  25.996    1585     4356.5     4429.2
  26.012    1586     4349.6     4415.5
  26.035    1587     4382.7     4459.8
  26.054    1588     4331.9     4463.5
  26.071    1589     4448.5     4367.6
  26.087    1590     4303.6     4575.5
  26.104    1591     4436.2     4352.8
  26.121    1592     4435.2     4359.5
  26.138    1593     4416.4     4401.6
  26.155    1594     4440.6     4387.9
  26.172    1595     4434.8     4407.7
  26.190    1596     4409.0     4391.8
  26.207    1597     4393.1     4399.3
  26.225    1598     4387.0     4383.1
  26.241    1599     4465.5     4344.4
  26.258    1600     4458.9     4343.6
  26.275    1601     4407.3     4362.8
  26.295    1602     4398.1     4400.1
  26.312    1603     4444.0     4413.0
  26.330    1604     4412.5     4389.7
  26.346    1605     4442.5     4529.9
  26.365    1606     4472.2     4499.8
  26.381    1607     4431.4     4427.3
  26.398    1608     4501.1     4481.0
  26.415    1609     4466.8     4502.2
  26.432    1610     4506.5     4531.3
  26.449    1611     4477.6     4515.0
  26.465    1612     4448.5     4500.3
  26.482    1613     4443.6     4471.5
  26.499    1614     4512.6     4555.9
  26.516    1615     4440.2     4455.6
  26.533    1616     4498.3     4515.8
  26.550    1617     4481.2     4473.3
  26.567    1618     4467.1     4465.3
  26.584    1619     4387.8     4437.4
  26.600    1620     4482.3     4523.2
  26.617    1621     4445.8     4417.4
  26.634    1622     4438.0     4445.3
  26.651    1623     4401.6     4348.8
  26.668    1624     4423.3     4444.9
  26.685    1625     4469.1     4486.8
  26.702    1626     4451.6     4491.0
  26.719    1627     4463.1     4441.1
  26.735    1628     4500.5     4430.8
  26.752    1629     4523.4     4494.2
  26.769    1630     4419.2     4470.4
  26.786    1631     4522.7     4441.9
  26.805    1632     4494.9     4455.0
  26.821    1633     4508.0     4413.7
  26.838    1634     4506.5     4452.0
  26.855    1635     4479.6     4493.0
  26.871    1636     4451.8     4417.1
  26.888    1637     4481.5     4484.5
  26.905    1638     4515.0     4423.6
  26.922    1639     4488.2     4456.7
  26.939    1640     4478.3     4405.2
  26.955    1641     4454.8     4415.1
  26.972    1642     4512.6     4424.1
  26.989    1643     4492.3     4434.7
  27.005    1644     4500.8     4454.5
  27.022    1645     4505.4     4460.5
  27.039    1646     4514.9     4474.4
  27.056    1647     4498.5     4440.7
  27.073    1648     4558.0     4423.2
  27.090    1649     4541.1     4487.6
  27.107    1650     4563.7     4479.0
  27.124    1651     4592.7     4516.8
  27.140    1652     4593.0     4507.1
  27.157    1653     4568.1     4464.9
  27.174    1654     4609.7     4463.0
  27.191    1655     4619.2     4532.5
  27.208    1656     4624.3     4481.6
  27.225    1657     4697.8     4597.8
  27.242    1658     4493.1     4753.5
  27.259    1659     4351.2     4992.4
  27.276    1660     4344.0     4944.0
  27.292    1661     4414.0     4846.2
  27.309    1662     4470.1     4897.2
  27.326    1663     4444.5     4773.9
  27.343    1664     4482.4     4790.2
  27.360    1665     4541.0     4662.6
  27.377    1666     4581.3     4702.7
  27.394    1667     4559.8     4656.0
  27.411    1668     4607.8     4628.5
  27.428    1669     4616.8     4651.9
  27.444    1670     4584.9     4658.9
  27.461    1671     4595.2     4662.9
  27.478    1672     4664.8     4714.1
  27.495    1673     4654.7     4602.3
  27.512    1674     4658.8     4627.0
  27.529    1675     4680.8     4638.5
  27.546    1676     4666.0     4627.4
  27.563    1677     4675.7     4631.7
  27.579    1678     4698.2     4592.9
  27.596    1679     4672.5     4577.6
  27.613    1680     4657.8     4597.2
  27.630    1681     4630.2     4531.8
  27.647    1682     4638.8     4600.2
  27.664    1683     4657.4     4615.5
  27.681    1684     4656.8     4585.6
  27.699    1685     4702.2     4605.4
  27.715    1686     4698.6     4611.1
  27.732    1687     4656.8     4625.8
  27.749    1688     4673.2     4635.6
  27.766    1689     4682.5     4609.3
  27.783    1690     4687.1     4587.7
  27.800    1691     4683.5     4581.1
  27.817    1692     4663.4     4612.0
  27.834    1693     4708.5     4605.1
  27.850    1694     4679.1     4545.2
  27.867    1695     4670.4     4543.8
  27.884    1696     4655.3     4542.9
  27.901    1697     4652.3     4569.0
  27.918    1698     4692.2     4573.5
  27.935    1699     4622.8     4470.9
  27.952    1700     4639.7     4522.4
  27.969    1701     4660.6     4531.0
  27.986    1702     4646.0     4590.3
  28.002    1703     4655.3     4525.2
  28.019    1704     4651.2     4508.7
  28.036    1705     4694.0     4518.2
  28.053    1706     4708.2     4526.0
  28.070    1707     4690.2     4464.4
  28.087    1708     4689.7     4444.2
  28.104    1709     4691.0     4514.0
  28.121    1710     4688.4     4539.5
  28.137    1711     4697.1     4532.2
  28.154    1712     4651.4     4521.2
  28.171    1713     4654.8     4495.5
  28.188    1714     4673.4     4510.4
  28.205    1715     4661.3     4473.1
  28.222    1716     4708.5     4410.8
  28.239    1717     4697.9     4444.7
  28.256    1718     4660.7     4483.8
  28.272    1719     4685.8     4507.5
  28.289    1720     4705.1     4494.4
  28.306    1721     4674.5     4482.3
  28.323    1722     4748.1     4512.8
  28.340    1723     4665.1     4469.7
  28.357    1724     4753.2     4470.8
  28.374    1725     4699.3     4437.2
  28.391    1726     4736.8     4430.3
  28.407    1727     4738.7     4441.0
  28.424    1728     4726.0     4445.2
  28.443    1729     4715.7     4440.6
  28.459    1730     4754.2     4394.0
  28.476    1731     4763.6     4416.4
  28.493    1732     4743.7     4429.6
  28.510    1733     4735.7     4428.1
  28.527    1734     4749.6     4417.3
  28.543    1735     4724.7     4433.0
  28.562    1736     4724.5     4443.0
  28.578    1737     4743.7     4399.0
  28.595    1738     4699.3     4379.3
  28.612    1739     4724.3     4403.4
  28.629    1740     4771.6     4349.1
  28.646    1741     4732.6     4375.2
  28.662    1742     4760.9     4394.4
  28.679    1743     4739.4     4413.1
  28.696    1744     4770.3     4415.8
  28.713    1745     4772.4     4418.5
  28.729    1746     4767.3     4371.8
  28.746    1747     4767.2     4394.1
  28.763    1748     4786.7     4437.6
  28.780    1749     4749.7     4417.4
  28.797    1750     4761.2     4433.5
  28.813    1751     4751.6     4411.0
  28.830    1752     4764.8     4428.6
  28.847    1753     4746.4     4413.3
  28.864    1754     4768.8     4413.3
  28.881    1755     4773.3     4390.3
  28.898    1756     4786.3     4466.7
  28.915    1757     4779.9     4408.5
  28.932    1758     4785.5     4446.2
  28.948    1759     4769.4     4453.6
  28.965    1760     4790.8     4433.6
  28.981    1761     4778.7     4485.0
  28.998    1762     4750.2     4456.4
  29.015    1763     4752.0     4440.2
  29.033    1764     4743.9     4487.5
  29.049    1765     4799.6     4436.1
  29.066    1766     4822.5     4475.3
  29.083    1767     4805.5     4502.4
  29.099    1768     4805.9     4444.5
  29.116    1769     4786.0     4534.2
  29.133    1770     4812.7     4452.8
  29.150    1771     4877.6     4492.5
  29.167    1772     4850.8     4513.8
  29.186    1773     4815.4     4476.0
  29.202    1774     4826.4     4510.2
  29.219    1775     4863.6     4492.4
  29.235    1776     4845.2     4447.4
  29.252    1777     4844.1     4505.4
  29.269    1778     4846.4     4457.8
  29.286    1779     4856.5     4442.7
  29.303    1780     4795.0     4469.1
  29.320    1781     4810.7     4459.7
  29.337    1782     4843.1     4443.5
  29.354    1783     4861.1     4459.7
  29.370    1784     4863.9     4443.1
  29.387    1785     4877.5     4450.5
  29.404    1786     4879.3     4445.2
  29.421    1787     4891.0     4459.9
  29.438    1788     4887.0     4443.7
  29.455    1789     4901.9     4445.2
  29.472    1790     4896.7     4439.3
  29.489    1791     4904.7     4428.7
  29.506    1792     4932.9     4467.4
  29.524    1793     4936.7     4462.3
  29.541    1794     4847.2     4419.6
  29.558    1795     4885.5     4382.7
  29.575    1796     4931.6     4464.6
  29.592    1797     4865.4     4396.5
  29.609    1798     4888.4     4463.6
  29.626    1799     4932.5     4485.5
  29.642    1800     4929.7     4463.1
  29.659    1801     4914.9     4470.2
  29.678    1802     4957.0     4409.5
  29.695    1803     4933.3     4377.9
  29.712    1804     4898.5     4352.2
  29.729    1805     4916.7     4374.9
  29.746    1806     4992.4     4396.4
  29.762    1807     4985.2     4415.2
  29.779    1808     4976.0     4399.3
  29.796    1809     5021.7     4306.3
  29.813    1810     4999.1     4351.4
  29.829    1811     5013.2     4386.3
  29.846    1812     5040.4     4390.0
  29.863    1813     5010.3     4324.0
  29.880    1814     5012.6     4406.2
  29.897    1815     4997.2     4322.5
  29.913    1816     5033.9     4377.8
  29.930    1817     5078.8     4410.4
  29.947    1818     5015.4     4386.6
  29.964    1819     5021.2     4285.6
  29.980    1820     5022.9     4338.7
  29.998    1821     5098.7     4364.7
  30.015    1822     5076.6     4348.5
  30.032    1823     5029.0     4316.1
  30.048    1824     5109.1     4345.4
  30.065    1825     5094.7     4326.2
  30.081    1826     5061.5     4349.4
  30.098    1827     5061.8     4307.6
  30.115    1828     5063.4     4364.0
  30.132    1829     5101.1     4405.5
  30.149    1830     5062.5     4311.9
  30.166    1831     5065.5     4354.8
  30.181    1832     5056.9     4334.4
  30.197    1833     5102.4     4355.1
  30.215    1834     5108.0     4331.4
  30.231    1835     5114.6     4388.1
  30.249    1836     5120.5     4362.9
  30.266    1837     5149.9     4389.9
  30.283    1838     5136.7     4342.3
  30.300    1839     5147.3     4378.7
  30.317    1840     5100.2     4333.5
  30.334    1841     5120.1     4332.7
  30.350    1842     5148.2     4342.7
  30.367    1843     5175.4     4363.8
  30.384    1844     5158.8     4395.4
  30.401    1845     5136.7     4403.3
  30.418    1846     5158.9     4308.9
  30.435    1847     5177.3     4357.3
  30.452    1848     5146.8     4349.5
  30.469    1849     5151.9     4329.4
  30.485    1850     5151.3     4350.8
  30.501    1851     5171.7     4307.7
  30.517    1852     5136.0     4305.5
  30.534    1853     5183.9     4369.4
  30.551    1854     5209.2     4384.4
  30.568    1855     5199.0     4373.5
  30.585    1856     5226.5     4399.1
  30.602    1857     5214.8     4431.5
  30.619    1858     5238.2     4404.7
  30.635    1859     5205.0     4361.8
  30.652    1860     5254.2     4377.8
  30.669    1861     5267.2     4455.9
  30.686    1862     5279.0     4423.6
  30.702    1863     5315.5     4368.1
  30.719    1864     5309.2     4387.7
  30.736    1865     5238.0     4392.9
  30.753    1866     5278.5     4407.9
  30.770    1867     5269.4     4395.6
  30.786    1868     5224.7     4380.9
  30.802    1869     5271.4     4364.4
  30.819    1870     5290.1     4402.1
  30.835    1871     5286.4     4481.9
  30.853    1872     5300.8     4399.9
  30.870    1873     5275.8     4436.2
  30.888    1874     5318.4     4426.6
  30.905    1875     5335.9     4407.1
  30.922    1876     5296.5     4492.6
  30.938    1877     5267.4     4452.4
  30.955    1878     5302.1     4426.7
  30.972    1879     5370.8     4382.8
  30.987    1880     5318.2     4411.5
  31.004    1881     5344.3     4438.2
  31.021    1882     5325.5     4467.5
  31.039    1883     5313.9     4411.0
  31.055    1884     5337.6     4384.7
  31.071    1885     5304.4     4437.8
  31.088    1886     5288.8     4369.0
  31.105    1887     5381.3     4381.2
  31.122    1888     5365.9     4395.7
  31.140    1889     5312.1     4387.3
  31.156    1890     5319.5     4374.0
  31.174    1891     5387.0     4388.8
  31.191    1892     5376.7     4418.9
  31.208    1893     5354.1     4386.9
  31.224    1894     5352.8     4355.2
  31.241    1895     5381.2     4346.0
  31.258    1896     5381.8     4318.6
  31.277    1897     5395.0     4346.6
  31.292    1898     5390.7     4352.3
  31.309    1899     5359.2     4360.2
  31.326    1900     5402.0     4403.3
  31.342    1901     5373.1     4337.4
  31.359    1902     5324.4     4397.0
  31.377    1903     5381.1     4358.5
  31.394    1904     5400.7     4415.5
  31.411    1905     5375.5     4340.6
  31.428    1906     5372.4     4397.2
  31.445    1907     5383.0     4406.1
  31.462    1908     5345.5     4386.6
  31.478    1909     5360.5     4389.3
  31.496    1910     5340.8     4352.7
  31.512    1911     5351.1     4285.2
  31.529    1912     5306.2     4399.6
  31.546    1913     5326.5     4468.0
  31.563    1914     5299.3     4428.8
  31.581    1915     5287.4     4401.0
  31.598    1916     5303.1     4404.8
  31.614    1917     5256.3     4437.0
  31.631    1918     5290.1     4382.2
  31.648    1919     5261.8     4461.9
  31.665    1920     5281.1     4438.0
  31.681    1921     5251.2     4333.5
  31.697    1922     5293.6     4432.5
  31.714    1923     5272.5     4432.1
  31.732    1924     5213.6     4530.5
  31.748    1925     5294.6     4416.1
  31.765    1926     5261.2     4468.7
  31.781    1927     5259.3     4447.0
  31.797    1928     5264.5     4439.0
  31.814    1929     5316.6     4444.5
  31.834    1930     5272.1     4468.3
  31.852    1931     5305.8     4470.9
  31.869    1932     5365.6     4479.3
  31.888    1933     5369.2     4474.4
  31.904    1934     5362.0     4497.6
  31.923    1935     5314.5     4396.6
  31.939    1936     5375.6     4407.8
  31.956    1937     5393.1     4353.0
  31.973    1938     5393.9     4403.1
  31.990    1939     5354.5     4395.2
  32.005    1940     5417.0     4314.0
  32.022    1941     5403.5     4403.8
  32.039    1942     5358.4     4302.9
  32.056    1943     5350.8     4335.9
  32.073    1944     5378.6     4458.1
  32.091    1945     5452.3     4325.1
  32.108    1946     5416.5     4409.5
  32.125    1947     5372.9     4291.2
  32.143    1948     5435.8     4356.7
  32.159    1949     5358.7     4290.7
  32.176    1950     5424.6     4350.6
  32.193    1951     5423.1     4366.1
  32.209    1952     5400.5     4276.7
  32.226    1953     5334.3     4327.3
  32.244    1954     5382.2     4294.0
  32.260    1955     5388.2     4291.3
  32.276    1956     5402.7     4255.2
  32.292    1957     5403.4     4281.2
  32.308    1958     5379.8     4360.2
  32.325    1959     5418.6     4275.9
  32.345    1960     5417.6     4283.2
  32.360    1961     5390.7     4267.3
  32.377    1962     5341.0     4318.4
  32.395    1963     5341.9     4277.1
  32.412    1964     5360.7     4265.4
  32.428    1965     5367.8     4262.0
  32.445    1966     5310.2     4257.0
  32.462    1967     5364.1     4249.4
  32.479    1968     5337.9     4252.4
  32.496    1969     5358.4     4306.7
  32.512    1970     5369.2     4290.1
  32.529    1971     5387.3     4273.8
  32.546    1972     5400.8     4250.1
  32.564    1973     5411.1     4299.5
  32.580    1974     5386.0     4304.0
  32.598    1975     5448.1     4257.5
  32.615    1976     5412.4     4209.9
  32.632    1977     5434.2     4257.3
  32.649    1978     5460.1     4333.8
  32.666    1979     5474.6     4384.4
  32.682    1980     5431.9     4315.6
  32.700    1981     5480.8     4281.0
  32.716    1982     5355.4     4295.1
  32.733    1983     5471.1     4334.7
  32.750    1984     5405.9     4277.9
  32.768    1985     5423.1     4300.8
  32.785    1986     5452.4     4282.6
  32.802    1987     5460.6     4242.9
  32.819    1988     5398.0     4295.8
  32.836    1989     5472.0     4285.2
  32.853    1990     5455.8     4248.5
  32.870    1991     5469.2     4281.5
  32.887    1992     5418.0     4265.5
  32.904    1993     5444.8     4292.7
  32.921    1994     5477.2     4211.2
  32.937    1995     5434.6     4254.6
  32.956    1996     5425.3     4242.2
  32.972    1997     5505.3     4248.4
  32.989    1998     5447.8     4261.5
  33.007    1999     5479.5     4265.2
  33.024    2000     5457.8     4221.0
  33.041    2001     5450.8     4189.0
  33.058    2002     5423.2     4275.6
  33.074    2003     5453.5     4261.7
  33.091    2004     5472.0     4246.8
  33.107    2005     5481.4     4290.3
  33.124    2006     5421.7     4246.9
  33.141    2007     5459.1     4271.3
  33.161    2008     5533.0     4369.8
  33.177    2009     5564.9     4323.2
  33.195    2010     5570.1     4342.0
  33.212    2011     5427.7     4214.2
  33.229    2012     5447.1     4270.2
  33.246    2013     5488.9     4249.1
  33.263    2014     5499.4     4289.6
  33.280    2015     5524.8     4233.8
  33.297    2016     5496.4     4227.9
  33.313    2017     5474.9     4262.5
  33.329    2018     5479.7     4268.9
  33.346    2019     5466.5     4252.5
  33.365    2020     5478.9     4246.5
  33.382    2021     5475.3     4215.6
  33.399    2022     5475.0     4244.6
  33.416    2023     5486.7     4222.0
  33.433    2024     5461.7     4244.3
  33.449    2025     5476.2     4253.0
  33.465    2026     5481.3     4249.7
  33.484    2027     5441.6     4251.1
  33.500    2028     5457.0     4232.0
  33.516    2029     5423.6     4213.7
  33.533    2030     5524.2     4324.9
  33.550    2031     5515.1     4321.8
  33.567    2032     5544.9     4264.0
  33.583    2033     5559.0     4360.2
  33.603    2034     5495.2     4319.4
  33.619    2035     5508.8     4282.5
  33.636    2036     5590.9     4313.4
  33.653    2037     5500.2     4248.5
  33.670    2038     5484.1     4316.4
  33.687    2039     5524.0     4267.3
  33.704    2040     5508.5     4238.1
  33.720    2041     5561.4     4262.2
  33.737    2042     5514.7     4301.1
  33.754    2043     5533.9     4238.9
  33.771    2044     5502.6     4284.4
  33.788    2045     5506.9     4257.4
  33.806    2046     5557.3     4236.6
  33.823    2047     5561.9     4262.9
  33.839    2048     5534.0     4260.2
  33.856    2049     5503.8     4216.6
  33.872    2050     5489.3     4285.6
  33.889    2051     5547.5     4220.9
  33.905    2052     5536.9     4211.3
  33.924    2053     5578.5     4205.4
  33.940    2054     5544.2     4229.9
  33.957    2055     5555.3     4236.4
  33.974    2056     5547.9     4252.6
  33.990    2057     5566.1     4274.5
  34.008    2058     5549.4     4240.3
  34.025    2059     5531.6     4253.5
  34.041    2060     5579.5     4254.4
  34.058    2061     5559.0     4230.5
  34.074    2062     5577.5     4209.6
  34.091    2063     5622.3     4204.4
  34.107    2064     5573.9     4207.6
  34.124    2065     5618.0     4235.2
  34.141    2066     5591.1     4199.4
  34.157    2067     5577.2     4225.3
  34.174    2068     5580.5     4167.7
  34.191    2069     5607.2     4214.1
  34.209    2070     5618.6     4147.6
  34.226    2071     5552.8     4080.3
  34.243    2072     5614.0     4204.1
  34.260    2073     5571.4     4158.1
  34.277    2074     5640.6     4151.1
  34.293    2075     5625.3     4107.4
  34.309    2076     5622.3     4149.8
  34.326    2077     5589.1     4198.7
  34.343    2078     5590.2     4182.4
  34.360    2079     5582.7     4207.3
  34.377    2080     5637.1     4184.6
  34.394    2081     5653.6     4073.6
  34.412    2082     5662.8     4070.6
  34.430    2083     5636.6     4131.5
  34.447    2084     5647.3     4102.7
  34.464    2085     5641.3     4085.5
  34.481    2086     5654.7     4132.7
  34.498    2087     5611.2     4193.5
  34.514    2088     5682.9     4230.9
  34.531    2089     5672.8     4122.7
  34.548    2090     5673.3     4168.6
  34.566    2091     5664.5     4176.5
  34.582    2092     5687.4     4170.3
  34.599    2093     5719.3     4146.8
  34.617    2094     5715.8     4118.6
  34.634    2095     5657.7     4127.7
  34.651    2096     5719.1     4182.8
  34.668    2097     5686.4     4079.4
  34.686    2098     5695.4     4099.7
  34.702    2099     5682.1     4131.7
  34.718    2100     5742.3     4179.6
  34.735    2101     5710.6     4175.5
  34.752    2102     5665.1     4201.4
  34.769    2103     5709.4     4105.1
  34.786    2104     5670.6     4096.3
  34.806    2105     5717.6     4159.1
  34.822    2106     5674.3     4162.4
  34.838    2107     5684.8     4167.0
  34.855    2108     5657.3     4182.7
  34.871    2109     5715.7     4182.8
  34.890    2110     5682.3     4120.6
  34.905    2111     5729.1     4193.8
  34.922    2112     5754.4     4178.4
  34.939    2113     5739.9     4167.4
  34.955    2114     5730.9     4141.3
  34.972    2115     5768.0     4134.8
  34.989    2116     5753.1     4116.1
  35.007    2117     5742.4     4191.5
  35.024    2118     5772.6     4144.0
  35.041    2119     5771.2     4192.6
  35.058    2120     5811.0     4190.2
  35.075    2121     5736.8     4271.9
  35.092    2122     5868.8     4256.5
  35.107    2123     5789.2     4262.9
  35.124    2124     5677.5     4134.1
  35.141    2125     6187.3     4601.0
  35.158    2126     5830.9     4191.2
  35.175    2127     5847.9     4242.5
  35.192    2128     5838.3     4247.4
  35.210    2129     5789.3     4257.4
  35.227    2130     5838.6     4197.1
  35.243    2131     5805.1     4278.1
  35.260    2132     5849.3     4233.1
  35.277    2133     5826.4     4257.1
  35.294    2134     5866.8     4273.0
  35.310    2135     5878.4     4309.0
  35.327    2136     5813.3     4341.4
  35.344    2137     5794.1     4306.9
  35.361    2138     5829.4     4275.9
  35.377    2139     5852.8     4235.3
  35.394    2140     5913.4     4405.3
  35.412    2141     5861.5     4338.5
  35.429    2142     5844.5     4312.9
  35.446    2143     5887.3     4344.2
  35.462    2144     5805.3     4251.7
  35.479    2145     5824.1     4341.2
  35.496    2146     5877.4     4313.1
  35.512    2147     5850.6     4315.4
  35.529    2148     5861.8     4338.4
  35.545    2149     5862.3     4303.8
  35.562    2150     5927.6     4294.7
  35.579    2151     5885.4     4299.8
  35.596    2152     5884.0     4254.1
  35.614    2153     5871.3     4212.9
  35.631    2154     5878.7     4358.6
  35.648    2155     5902.2     4256.4
  35.665    2156     5881.3     4268.2
  35.683    2157     5875.9     4243.5
  35.699    2158     5867.0     4255.5
  35.715    2159     5838.2     4187.0
  35.732    2160     5875.8     4198.2
  35.749    2161     5886.0     4177.6
  35.767    2162     5812.1     4152.3
  35.783    2163     5823.3     4107.6
  35.800    2164     5838.4     4146.7
  35.817    2165     5808.0     4135.0
  35.834    2166     5894.5     4155.4
  35.851    2167     5848.9     4146.2
  35.868    2168     5871.3     4080.3
  35.885    2169     5887.2     4123.2
  35.902    2170     5879.2     4139.2
  35.918    2171     5873.6     4124.0
  35.935    2172     5879.3     4102.5
  35.951    2173     5917.8     4152.6
  35.968    2174     5871.4     4054.8
  35.985    2175     5957.4     4075.1
  36.002    2176     5873.7     4044.0
  36.020    2177     5914.4     4103.0
  36.037    2178     5939.3     4114.9
  36.057    2179     5951.1     4095.7
  36.075    2180     6276.6     4547.6
  36.092    2181     5964.2     4122.3
  36.109    2182     5882.7     4134.7
  36.126    2183     5945.2     4144.2
  36.143    2184     5980.1     4138.3
  36.160    2185     5962.4     4084.0
  36.176    2186     5964.1     4104.8
  36.193    2187     5987.5     4150.8
  36.209    2188     5966.4     4140.8
  36.226    2189     5992.4     4121.8
  36.243    2190     5982.1     4131.2
  36.260    2191     6007.4     4195.5
  36.277    2192     5954.5     4117.7
  36.294    2193     5983.2     4130.4
  36.312    2194     5937.2     4150.9
  36.328    2195     5928.6     4106.6
  36.344    2196     6004.6     4149.9
  36.361    2197     5971.1     4119.9
  36.379    2198     5949.2     4142.3
  36.396    2199     5964.0     4163.3
  36.412    2200     6005.8     4171.0
  36.429    2201     5990.1     4181.5
  36.446    2202     6020.9     4213.5
  36.463    2203     6051.3     4114.1
  36.481    2204     6046.4     4195.7
  36.497    2205     6040.0     4125.6
  36.514    2206     5980.3     4097.4
  36.531    2207     5971.3     4067.0
  36.548    2208     6040.4     4167.6
  36.565    2209     6005.0     4153.4
  36.582    2210     5967.6     4195.9
  36.600    2211     6033.8     4182.1
  36.615    2212     6030.5     4224.9
  36.632    2213     6041.7     4206.9
  36.649    2214     6070.9     4125.8
  36.666    2215     6103.8     4162.0
  36.682    2216     6124.2     4141.4
  36.699    2217     6084.5     4170.2
  36.717    2218     6097.9     4179.2
  36.733    2219     6066.9     4149.7
  36.750    2220     6099.5     4125.7
  36.766    2221     6100.1     4196.6
  36.783    2222     6039.1     4145.8
  36.800    2223     6110.4     4142.0
  36.817    2224     6092.5     4122.3
  36.834    2225     6052.6     4168.1
  36.851    2226     6053.5     4160.1
  36.868    2227     6041.6     4155.7
  36.885    2228     6042.2     4151.7
  36.901    2229     6085.8     4150.5
  36.918    2230     6057.5     4157.2
  36.935    2231     6085.1     4142.3
  36.952    2232     6058.5     4155.8
  36.969    2233     6048.7     4169.7
  36.986    2234     6047.5     4201.6
  37.003    2235     6034.4     4192.4
  37.020    2236     6033.4     4163.5
  37.036    2237     6048.5     4171.0
  37.053    2238     6008.4     4131.5
  37.070    2239     6074.6     4149.5
  37.087    2240     6101.0     4158.9
  37.104    2241     6095.1     4141.7
  37.122    2242     6061.7     4180.3
  37.138    2243     6032.6     4215.0
  37.155    2244     6018.1     4153.8
  37.172    2245     6033.4     4162.4
  37.188    2246     6043.9     4126.2
  37.205    2247     6068.7     4166.8
  37.222    2248     6072.4     4145.9
  37.239    2249     6087.3     4156.4
  37.256    2250     6074.6     4169.0
  37.273    2251     6061.6     4190.7
  37.290    2252     6049.6     4192.4
  37.307    2253     6036.5     4141.5
  37.323    2254     6047.6     4195.8
  37.340    2255     6024.0     4161.8
  37.357    2256     6013.0     4118.5
  37.374    2257     6040.1     4080.2
  37.391    2258     6003.7     4056.8
  37.409    2259     6037.5     4170.4
  37.425    2260     6028.7     4162.2
  37.442    2261     6030.0     4138.0
  37.459    2262     6069.3     4125.6
  37.475    2263     6016.9     4185.6
  37.492    2264     6009.7     4232.8
  37.509    2265     6065.8     4158.0
  37.528    2266     6073.7     4147.5
  37.544    2267     6035.6     4123.6
  37.561    2268     6043.5     4170.1
  37.578    2269     6044.2     4124.8
  37.594    2270     6060.2     4178.2
  37.611    2271     6044.7     4117.2
  37.628    2272     6041.3     4159.7
  37.645    2273     5986.9     4058.5
  37.665    2274     6006.7     4049.6
  37.681    2275     6013.2     4067.5
  37.698    2276     6061.2     4108.5
  37.715    2277     6023.2     4176.3
  37.731    2278     6045.5     4081.9
  37.748    2279     6029.6     4158.5
  37.766    2280     6036.9     4124.4
  37.783    2281     6029.8     4144.4
  37.800    2282     5977.8     4222.7
  37.817    2283     5993.6     4152.0
  37.834    2284     6026.9     4162.1
  37.851    2285     6065.2     4206.4
  37.867    2286     6035.9     4142.3
  37.884    2287     6048.6     4184.2
  37.901    2288     6018.8     4152.8
  37.918    2289     6036.0     4194.5
  37.935    2290     6034.3     4158.8
  37.951    2291     6015.4     4115.9
  37.968    2292     5988.1     4071.1
  37.985    2293     6017.5     4262.8
  38.002    2294     6037.5     4170.4
  38.018    2295     6003.4     4172.3
  38.035    2296     5983.8     4110.4
  38.052    2297     6056.9     4163.0
  38.069    2298     6065.5     4136.6
  38.086    2299     6061.4     4126.2
  38.103    2300     6050.5     4100.5
  38.121    2301     6016.9     4073.4
  38.139    2302     5949.2     4197.9
  38.155    2303     6049.0     4148.9
  38.172    2304     6042.0     4193.0
  38.189    2305     6039.1     4178.5
  38.206    2306     6083.8     4244.0
  38.223    2307     5981.4     4030.8
  38.240    2308     6023.0     4099.4
  38.257    2309     6058.8     4139.5
  38.274    2310     6057.3     4171.8
  38.290    2311     6052.1     4206.6
  38.307    2312     6036.5     4128.3
  38.324    2313     6036.9     4195.8
  38.341    2314     6001.1     4110.0
  38.358    2315     6067.7     4120.7
  38.375    2316     5974.9     4151.9
  38.392    2317     5992.2     4084.9
  38.410    2318     6036.3     4169.9
  38.426    2319     6066.0     4140.6
  38.447    2320     6045.3     4140.0
  38.462    2321     5984.3     4067.0
  38.478    2322     5958.7     4156.3
  38.495    2323     6030.2     4149.9
  38.512    2324     6041.4     4125.5
  38.530    2325     6060.8     4133.7
  38.546    2326     6017.5     4173.3
  38.565    2327     5991.8     4218.3
  38.581    2328     6026.4     4118.7
  38.598    2329     6074.3     4128.0
  38.615    2330     5977.7     4173.2
  38.632    2331     5990.7     4071.0
  38.650    2332     6020.6     4128.6
  38.666    2333     6011.5     4172.5
  38.683    2334     6027.1     4106.5
  38.700    2335     5994.9     4081.1
  38.718    2336     6050.9     4190.6
  38.734    2337     6017.9     4190.4
  38.751    2338     6046.3     4139.5
  38.768    2339     6052.9     4252.6
  38.785    2340     6019.3     4155.4
  38.803    2341     6043.8     4119.5
  38.819    2342     6067.1     4173.1
  38.838    2343     6078.1     4161.8
  38.854    2344     6050.4     4202.0
  38.871    2345     6066.5     4201.8
  38.888    2346     6068.9     4116.1
  38.905    2347     6060.2     4178.2
  38.921    2348     6064.0     4142.9
  38.937    2349     6031.6     4171.8
  38.955    2350     5999.0     4174.9
  38.971    2351     6043.9     4241.9
  38.988    2352     6019.1     4162.4
  39.005    2353     6075.2     4161.4
  39.023    2354     6085.0     4166.0
  39.040    2355     6036.6     4169.2
  39.057    2356     6051.3     4174.2
  39.073    2357     6072.0     4138.6
  39.090    2358     6034.0     4151.6
  39.107    2359     6081.4     4081.7
  39.123    2360     6087.5     4115.6
[ROBOT] Đã dừng điều khiển xe.

[✓] Dừng. 2360 frames. Log → ls_log.csv
