LS — UWB Realtime
  Anchors : ['0x1001', '0x1002', '0x1003', '0x1004']
  Height  : 1400.0 mm

Đang kết nối /dev/serial/by-id/usb-SEGGER_J-Link_000760192143-if00 @ 921600...
OK. Đang chờ dữ liệu... (Ctrl+C để dừng)

[ROBOT] Đã kết nối STM32 @ /dev/serial/by-id/usb-STMicroelectronics_BLUEPILL_F103C8_CDC_in_FS_Mode_498E169E3634-if00. Điều khiển xe bắt đầu.
 Time(s)   Frame      X(mm)      Y(mm)
----------------------------------------
   0.036       1     6470.0     1191.3
   0.039       2     6568.1     1292.2
   0.042       3     6421.8     1018.0
   0.045       4     6438.3     1070.8
   0.047       5     6432.4      956.7
   0.050       6     6575.0     1102.2
   0.053       7     6372.7     1026.3
   0.056       8     6407.4     1063.3
   0.058       9     6593.3     1287.3
   0.061      10     6430.4     1032.7
   0.064      11     6468.2     1167.9
   0.066      12     6433.4     1101.8
   0.069      13     6462.9     1130.9
   0.072      14     6460.1     1057.1
   0.074      15     6435.8     1094.4
   0.077      16     6375.5     1041.0
   0.080      17     6426.8     1123.1
   0.082      18     6417.5      911.3
   0.085      19     6411.5     1051.0
   0.088      20     6407.7     1049.8
   0.090      21     6349.3      995.1
   0.093      22     6463.6     1120.7
   0.096      23     6468.2     1185.3
   0.098      24     6386.4      983.1
   0.101      25     6392.9     1057.3
   0.104      26     6437.6     1143.3
   0.106      27     7688.0     -653.1
   0.109      28     6437.3     1038.7
   0.111      29     6445.2     1120.9
   0.114      30     6472.9     1096.2
   0.117      31     6354.6     1035.6
   0.119      32     6446.3      974.0
   0.122      33     6413.0     1006.2
   0.125      34     6394.8     1022.3
   0.127      35     6422.7     1087.4
   0.130      36     6540.6     1178.9
   0.132      37     6432.3      897.2
   0.135      38     6373.5     1028.9
   0.138      39     6357.8      986.6
   0.140      40     6437.3     1072.1
   0.143      41     6514.2     1113.2
   0.146      42     6347.7      951.7
   0.148      43     6417.7      993.8
   0.151      44     6367.7      996.4
   0.153      45     6449.9      986.7
   0.156      46     6546.5     1165.7
   0.159      47     6356.7     1047.7
   0.161      48     6526.9     1201.6
   0.164      49     6543.8     1200.0
   0.167      50     6538.8     1285.1
   0.169      51     6373.4      980.2
   0.172      52     6458.2     1137.2
   0.175      53     6401.3      934.7
   0.177      54     6353.4      995.0
   0.180      55     6355.9      981.0
   0.182      56     6444.7      920.2
   0.185      57     6433.6     1159.3
   0.188      58     6380.3     1123.1
   0.190      59     6437.1     1040.4
   0.193      60     6411.5     1089.1
   0.196      61     6397.1      969.7
   0.198      62     6417.9     1057.7
   0.201      63     6529.1     1163.5
   0.204      64     6459.0     1134.6
   0.210      65     6468.6      953.3
   0.227      66     6421.6      941.4
   0.244      67     6319.6      893.9
   0.261      68     6373.0      880.9
   0.278      69     6347.4      903.2
   0.295      70     6349.2      895.5
   0.311      71     6396.9      918.8
   0.328      72     6309.5      845.8
   0.345      73     6325.4      908.5
   0.362      74     6373.8      840.2
   0.379      75     6398.6      810.1
   0.397      76     6286.6      854.4
   0.414      77     6391.4      832.2
   0.430      78     6306.9      905.6
   0.448      79     6340.9      994.9
   0.466      80     6380.8      900.5
   0.482      81     6343.6      922.8
   0.499      82     6279.8      845.2
   0.516      83     6257.5      811.1
   0.534      84     6224.7      914.1
   0.550      85     6312.2      878.2
   0.566      86     6339.9      953.2
   0.583      87     6304.2      928.0
   0.600      88     6274.5      858.1
   0.617      89     6292.0      892.6
   0.634      90     6261.4      861.9
   0.657      91     6261.4      861.9
   0.673      92     6279.3      905.0
   0.692      93     6323.8      937.4
   0.713      94     6317.6      945.8
   0.730      95     6241.4      896.3
   0.747      96     6247.8      897.1
   0.763      97     6340.6      760.8
   0.782      98     6236.3      882.8
   0.798      99     6238.5      888.9
   0.815     100     6329.0      876.1
   0.832     101     6269.7      898.9
   0.849     102     6211.3      912.4
   0.866     103     6263.8      922.1
   0.882     104     6251.0      881.5
   0.899     105     6276.0      918.5
   0.916     106     6206.2      959.5
   0.933     107     6259.1      871.4
   0.950     108     6295.6      930.4
   0.967     109     6283.9      895.3
   0.984     110     6268.9      928.3
   1.002     111     6236.0      945.4
   1.018     112     6222.2      903.1
   1.035     113     6250.5      917.9
   1.054     114     6249.2      888.9
   1.070     115     6191.6      900.3
   1.088     116     6262.8      998.1
   1.105     117     6196.7      892.9
   1.122     118     6248.3      935.5
   1.139     119     6273.2      896.8
   1.155     120     6257.4      939.9
   1.172     121     6207.0      950.2
   1.189     122     6199.5      946.8
   1.206     123     6227.8      957.5
   1.223     124     6190.4      928.0
   1.240     125     6173.0     1056.3
   1.257     126     6241.8      944.2
   1.274     127     6200.4      932.2
   1.290     128     6221.3     1019.7
   1.307     129     6229.4     1031.1
   1.326     130     6236.2     1030.2
   1.342     131     6214.0      990.7
   1.359     132     6248.4     1019.9
   1.376     133     6253.4     1066.3
   1.393     134     6216.0     1176.0
   1.410     135     6206.9     1074.1
   1.426     136     6259.2     1076.5
   1.443     137     6201.9     1046.7
   1.460     138     6276.0     1180.4
   1.477     139     6210.5     1144.7
   1.496     140     6279.3     1222.7
   1.512     141     6292.8     1231.7
   1.529     142     6289.0     1150.5
   1.546     143     6264.1     1171.3
   1.562     144     6265.5     1198.9
   1.579     145     6249.4     1137.5
   1.596     146     6218.9     1176.5
   1.613     147     6185.5     1131.9
   1.630     148     6239.0     1151.4
   1.647     149     6300.6     1151.9
   1.664     150     6261.7     1121.1
   1.682     151     6267.0     1145.3
   1.698     152     6321.8     1174.9
   1.715     153     6248.8     1186.9
   1.732     154     6276.4     1180.4
   1.749     155     6245.3     1194.4
   1.766     156     6291.1     1207.4
   1.783     157     6231.8     1204.2
   1.800     158     6272.9     1202.3
   1.817     159     6300.2     1176.1
   1.833     160     6251.9     1210.2
   1.852     161     6280.9     1223.2
   1.868     162     6271.6     1193.1
   1.885     163     6299.5     1249.7
   1.904     164     6268.2     1231.9
   1.920     165     6266.0     1232.7
   1.937     166     6319.0     1199.9
   1.953     167     6272.9     1238.1
   1.970     168     6318.1     1195.1
   1.989     169     6327.0     1191.5
   2.005     170     6285.9     1249.0
   2.022     171     6247.2     1168.1
   2.040     172     6317.6     1239.0
   2.056     173     5970.2      790.8
   2.073     174     6275.7     1245.4
   2.090     175     6284.2     1208.4
   2.106     176     5886.6      890.7
   2.124     177     6055.8     1119.9
   2.140     178     5894.6      790.1
   2.157     179     6083.6     1056.3
   2.174     180     6102.3      941.1
   2.191     181     6091.2     1033.7
   2.208     182     6090.4     1025.6
   2.225     183     6103.4     1000.1
   2.241     184     6094.9     1049.4
   2.258     185     6295.2     1302.8
   2.275     186     6037.5     1027.6
   2.292     187     6123.4     1095.5
   2.311     188     6086.1     1053.0
   2.327     189     5899.5      853.4
   2.344     190     6109.7     1048.0
   2.361     191     5875.3      764.4
   2.377     192     5852.7      625.6
   2.394     193     6086.9     1039.4
   2.411     194     6054.0     1049.2
   2.427     195     5891.9      815.7
   2.446     196     5909.0      834.8
   2.464     197     5913.6      851.6
   2.480     198     5903.3      848.4
   2.499     199     5880.6      818.2
   2.515     200     5962.0      869.6
   2.532     201     5986.9      827.1
   2.549     202     5989.1      820.0
   2.566     203     5969.3      779.6
   2.583     204     5939.9      868.2
   2.600     205     5972.2      867.9
   2.616     206     5983.7      848.8
   2.633     207     5961.4      822.4
   2.651     208     5941.8      899.4
   2.667     209     6014.9      874.9
   2.686     210     5985.7      828.8
   2.703     211     5952.6      813.9
   2.722     212     6016.6      877.2
   2.739     213     5967.4      865.3
   2.756     214     5958.2      834.5
   2.771     215     5951.1      788.3
   2.788     216     6011.2      870.0
   2.805     217     5971.0      866.7
   2.822     218     5930.7      823.7
   2.839     219     5984.0      890.7
   2.856     220     5985.4      813.2
   2.872     221     5887.9      870.7
   2.889     222     5950.5      864.8
   2.906     223     5920.1      806.4
   2.924     224     5888.4      831.4
   2.940     225     5912.6      838.4
   2.957     226     5910.5      822.0
   2.974     227     5922.3      865.4
   2.991     228     5899.4      824.9
   3.008     229     5878.6      794.1
   3.025     230     5908.7      816.2
   3.042     231     5878.1      847.3
   3.058     232     5824.0      771.7
   3.075     233     5900.7      834.5
   3.092     234     5832.0      785.8
   3.110     235     6050.4     1088.1
   3.126     236     5814.0      746.5
   3.143     237     5870.5      761.7
   3.161     238     5829.6      653.6
   3.177     239     5827.1      724.3
   3.193     240     5798.6      751.9
   3.210     241     5769.2      712.7
   3.227     242     5784.2      771.9
   3.244     243     5824.6      822.9
   3.261     244     6003.5     1003.7
   3.278     245     5903.9      859.1
   3.295     246     6015.2     1022.9
   3.316     247     6000.3      999.5
   3.333     248     5901.2      813.8
   3.349     249     5971.2     1068.3
   3.366     250     5940.5     1002.4
   3.383     251     5829.6      753.7
   3.400     252     6032.9     1020.4
   3.418     253     6002.2      983.2
   3.434     254     5814.8      794.7
   3.451     255     5809.0      718.6
   3.468     256     5807.8      712.5
   3.485     257     5788.8      774.2
   3.502     258     5773.4      793.7
   3.519     259     5750.3      684.0
   3.537     260     6001.3     1057.8
   3.553     261     6017.3     1014.4
   3.571     262     6016.9     1032.7
   3.587     263     6017.8     1048.4
   3.605     264     6023.4     1098.5
   3.621     265     6050.7     1146.0
   3.638     266     6043.1     1084.7
   3.655     267     5848.4      890.0
   3.672     268     6025.4     1061.0
   3.689     269     5933.4      898.6
   3.705     270     6264.7     1420.6
   3.723     271     5888.0      863.4
   3.739     272     6090.0     1176.2
   3.757     273     6070.5     1122.1
   3.773     274     5866.5      874.7
   3.790     275     5826.5      925.4
   3.808     276     6055.3     1159.7
   3.825     277     5892.4      940.9
   3.841     278     5867.2      953.2
   3.858     279     5709.0      735.9
   3.875     280     6006.2     1186.2
   3.892     281     5871.9      921.2
   3.909     282     5854.6      948.0
   3.926     283     6049.5     1203.5
   3.943     284     6112.4     1224.4
   3.960     285     6034.3     1187.8
   3.977     286     6053.6     1242.2
   3.993     287     5994.8     1205.8
   4.010     288     6002.7     1164.3
   4.027     289     6073.4     1214.8
   4.044     290     6068.3     1218.0
   4.063     291     6034.4     1170.3
   4.079     292     6046.3     1246.0
   4.096     293     6021.1     1237.0
   4.114     294     6024.2     1201.5
   4.132     295     6034.4     1187.8
   4.148     296     6054.3     1218.1
   4.164     297     6044.4     1211.4
   4.181     298     6027.1     1163.5
   4.198     299     6001.1     1237.7
   4.215     300     6089.6     1288.6
   4.232     301     6078.2     1228.3
   4.249     302     6081.6     1250.9
   4.265     303     6054.9     1136.2
   4.282     304     6007.3     1207.5
   4.299     305     6017.9     1193.4
   4.316     306     6004.7     1115.0
   4.334     307     5974.8      986.7
   4.350     308     5927.4     1075.8
   4.367     309     5973.0     1109.6
   4.383     310     5928.9     1163.4
   4.400     311     5935.1     1129.8
   4.417     312     5941.1     1130.1
   4.434     313     5980.6     1190.4
   4.451     314     5970.9     1172.7
   4.468     315     5934.4     1152.4
   4.485     316     6065.2     1316.0
   4.502     317     6012.0     1210.3
   4.520     318     6040.7     1305.5
   4.536     319     6080.8     1284.0
   4.552     320     6045.4     1236.7
   4.569     321     6153.9     1407.3
   4.586     322     6133.2     1365.2
   4.605     323     5835.2     1008.9
   4.621     324     5876.2     1100.5
   4.638     325     6172.6     1466.9
   4.655     326     5717.0      809.1
   4.673     327     6219.7     1539.9
   4.691     328     6193.3     1558.3
   4.709     329     6206.7     1540.5
   4.725     330     5916.9     1135.7
   4.742     331     5627.9      863.7
   4.759     332     5649.4      883.0
   4.776     333     5686.9      948.6
   4.792     334     5614.7      832.7
   4.810     335     5719.4      918.4
   4.826     336     5705.4      882.4
   4.845     337     5667.2      933.5
   4.861     338     5680.8      957.7
   4.878     339     5662.0      920.5
   4.895     340     5672.9      910.4
   4.912     341     5731.2      949.1
   4.928     342     5692.2      966.5
   4.944     343     5741.1     1014.8
   4.962     344     5766.7      946.9
   4.978     345     5740.8      984.1
   4.995     346     5748.2     1049.0
   5.012     347     5739.5     1037.3
   5.030     348     5735.4     1034.3
   5.047     349     5776.5     1105.6
   5.064     350     5772.1     1105.3
   5.080     351     5785.9     1143.1
   5.097     352     5818.2     1181.6
   5.116     353     5814.3     1199.3
   5.132     354     5636.2      966.1
   5.149     355     5830.4     1242.8
   5.166     356     5878.3     1258.2
   5.183     357     5890.0     1294.4
   5.199     358     5936.2     1333.5
   5.216     359     5729.8      960.3
   5.233     360     5684.5     1032.9
   5.250     361     5738.5     1075.2
   5.269     362     5750.8     1076.6
   5.285     363     5672.6     1038.0
   5.302     364     5728.6     1047.0
   5.319     365     5720.3     1011.5
   5.335     366     5681.3      963.1
   5.352     367     5703.6     1006.1
   5.369     368     5709.4     1040.3
   5.386     369     5641.6      964.7
   5.405     370     5424.1      618.4
   5.421     371     5682.3     1022.5
   5.438     372     5465.0      695.4
   5.455     373     5543.9      781.8
   5.473     374     5739.6     1054.1
   5.491     375     5576.4      892.3
   5.507     376     5690.4      992.6
   5.526     377     5695.6     1034.9
   5.542     378     5671.3     1018.1
   5.559     379     5696.1     1014.9
   5.576     380     5707.6     1075.1
   5.592     381     5696.9     1048.6
   5.609     382     5570.0      882.9
   5.626     383     5578.4      897.9
   5.643     384     5564.4      926.0
   5.660     385     5505.9      838.5
   5.677     386     5554.5      905.7
   5.694     387     5535.3      909.4
   5.711     388     5519.2      856.2
   5.728     389     5546.6      914.1
   5.744     390     5514.3      829.7
   5.761     391     5721.5     1159.4
   5.778     392     5669.4     1081.7
   5.795     393     5555.4      953.5
   5.812     394     5510.1      881.0
   5.828     395     5503.7      872.9
   5.845     396     5676.9     1094.5
   5.863     397     5713.8     1099.1
   5.879     398     5512.6      876.3
   5.895     399     5685.5     1119.3
   5.912     400     5687.4     1150.9
   5.929     401     5742.8     1190.5
   5.946     402     5742.3     1177.8
   5.963     403     5748.7     1182.6
   5.980     404     5721.4     1197.4
   5.997     405     5750.6     1201.4
   6.014     406     5759.8     1252.8
   6.030     407     5671.6     1208.4
   6.047     408     5740.8     1248.4
   6.064     409     5765.1     1237.2
   6.081     410     5760.9     1254.4
   6.098     411     5831.5     1297.3
   6.115     412     5871.4     1362.2
   6.132     413     5920.4     1416.7
   6.149     414     5853.3     1410.3
   6.165     415     5566.1     1028.2
   6.182     416     5483.9      974.2
   6.199     417     5495.4      881.1
   6.218     418     5458.1      879.1
   6.234     419     5582.9     1039.1
   6.251     420     5492.4      917.9
   6.269     421     5472.1      875.2
   6.286     422     5318.5      673.1
   6.302     423     5574.0     1044.0
   6.319     424     5314.4      694.8
   6.336     425     5392.5      687.1
   6.355     426     5381.7      655.8
   6.373     427     5411.8      821.0
   6.389     428     5610.0     1102.4
   6.406     429     5429.7      778.0
   6.422     430     5614.6     1099.7
   6.441     431     5610.0     1150.2
   6.457     432     5560.7     1054.0
   6.474     433     5601.1     1065.8
   6.491     434     5459.7      862.0
   6.509     435     5452.3      907.5
   6.526     436     5498.3      819.1
   6.543     437     5394.7      836.9
   6.559     438     5479.2      850.5
   6.576     439     5497.0      936.4
   6.593     440     5411.0      845.5
   6.610     441     5394.3      900.5
   6.627     442     5508.9      942.1
   6.644     443     5389.0      920.5
   6.661     444     5633.2     1173.9
   6.678     445     5540.3     1126.5
   6.694     446     5715.7     1286.8
   6.711     447     5682.7     1355.3
   6.728     448     5433.1      992.2
   6.745     449     5434.2     1059.7
   6.762     450     5433.8     1014.8
   6.779     451     5201.2      763.1
   6.796     452     5401.5     1034.6
   6.814     453     5426.8     1009.6
   6.830     454     5173.0      632.1
   6.847     455     5168.4      710.5
   6.865     456     5162.7      729.6
   6.881     457     5117.5      646.8
   6.898     458     5387.5      986.3
   6.915     459     5127.6      660.7
   6.932     460     5119.6      667.0
   6.948     461     5106.6      592.5
   6.966     462     5086.2      619.7
   6.982     463     5290.4      864.8
   7.001     464     5241.8      874.2
   7.017     465     5265.7      938.9
   7.034     466     5107.3      681.8
   7.051     467     5118.2      639.8
   7.068     468     5104.0      593.3
   7.086     469     5122.5      706.7
   7.102     470     5142.8      667.8
   7.118     471     5110.5      669.1
   7.135     472     5099.1      712.0
   7.152     473     5055.5      657.3
   7.169     474     5131.1      695.3
   7.185     475     5316.0      933.3
   7.202     476     5136.2      698.9
   7.219     477     5095.5      626.2
   7.236     478     5039.7      658.6
   7.253     479     5028.5      599.5
   7.269     480     5037.2      637.2
   7.286     481     5060.9      652.4
   7.303     482     5028.5      666.1
   7.320     483     4997.9      615.5
   7.337     484     4964.9      575.9
   7.354     485     4958.2      655.5
   7.371     486     4953.2      604.7
   7.388     487     4934.6      553.7
   7.404     488     4940.1      605.6
   7.423     489     4960.5      610.3
   7.439     490     4972.5      617.4
   7.456     491     4932.8      599.4
   7.473     492     4946.8      661.8
   7.491     493     4990.8      593.0
   7.508     494     5088.4      921.4
   7.525     495     5087.8      880.5
   7.541     496     5104.0      868.0
   7.560     497     5256.8     1071.9
   7.576     498     5124.4      850.7
   7.593     499     5109.4      875.1
   7.610     500     5243.9     1019.1
   7.629     501     5177.1     1005.1
   7.645     502     5005.8      773.1
   7.661     503     4984.7      730.4
   7.678     504     5057.7      832.1
   7.695     505     4984.7      784.2
   7.712     506     4933.0      714.0
   7.729     507     5004.6      835.9
   7.746     508     4942.5      749.7
   7.763     509     5001.6      778.7
   7.780     510     5115.7      954.3
   7.797     511     5218.7     1048.0
   7.813     512     5012.3      811.4
   7.830     513     5238.3     1118.2
   7.847     514     5202.0     1060.2
   7.865     515     5243.5     1145.6
   7.883     516     5238.7     1126.8
   7.899     517     5228.5     1123.3
   7.916     518     5223.8     1124.2
   7.933     519     5227.3     1198.1
   7.949     520     5128.9      972.0
   7.966     521     4979.1      719.1
   7.983     522     4937.2      742.8
   8.000     523     5076.1      906.1
   8.017     524     5064.1      801.5
   8.034     525     5126.9      990.8
   8.051     526     5146.9     1065.9
   8.068     527     5188.1     1089.0
   8.085     528     5009.0      895.7
   8.101     529     5229.3     1114.9
   8.118     530     5183.4     1152.2
   8.135     531     5245.6     1188.4
   8.152     532     5162.1     1088.3
   8.169     533     5213.9     1137.1
   8.186     534     5188.6     1116.0
   8.203     535     5161.2     1100.8
   8.220     536     5173.3     1083.1
   8.236     537     5172.2     1028.9
   8.252     538     5167.9     1049.5
   8.270     539     5128.3      979.4
   8.287     540     5135.4      979.8
   8.303     541     5180.6     1041.2
   8.321     542     5111.7     1013.4
   8.338     543     5143.4      982.2
   8.355     544     5102.6     1004.6
   8.372     545     5107.1      989.7
   8.389     546     5072.8      990.4
   8.405     547     5058.2     1003.1
   8.422     548     5060.8      939.7
   8.439     549     5034.0      960.6
   8.455     550     5084.8      941.4
   8.472     551     5075.7      978.9
   8.489     552     5080.2      921.9
   8.506     553     5092.4      937.2
   8.525     554     4925.4     1102.8
   8.541     555     4959.8     1043.7
   8.558     556     4943.3     1047.7
   8.575     557     5011.6      933.5
   8.592     558     5030.5      926.5
   8.609     559     5000.4      870.3
   8.625     560     4965.3      899.7
   8.642     561     4983.8      908.7
   8.659     562     4978.2      890.6
   8.676     563     4941.8      860.1
   8.692     564     4964.9      894.6
   8.709     565     4917.4      886.7
   8.727     566     4915.4      862.1
   8.744     567     4888.8      805.1
   8.761     568     4902.0      817.8
   8.778     569     4932.5      814.1
   8.795     570     4930.1      894.0
   8.812     571     4926.9      897.3
   8.827     572     4899.6      810.3
   8.844     573     4910.0      903.0
   8.863     574     4924.7      862.0
   8.879     575     4884.8      915.3
   8.896     576     4951.2      851.9
   8.914     577     4888.0      946.9
   8.932     578     4844.9      846.3
   8.950     579     4791.6      761.6
   8.966     580     4782.3      806.8
   8.983     581     4775.2      656.2
   9.000     582     4750.0      727.8
   9.017     583     4811.1      708.1
   9.033     584     4733.9      775.6
   9.050     585     4793.7      754.6
   9.067     586     4810.7      781.9
   9.083     587     4839.4      849.6
   9.100     588     4804.3      861.1
   9.117     589     4804.7      805.0
   9.135     590     4849.7      927.4
   9.152     591     4821.8      875.4
   9.168     592     4796.1      918.8
   9.187     593     4869.8     1007.1
   9.203     594     4859.9      988.6
   9.221     595     4847.9      939.9
   9.236     596     4847.5      955.2
   9.253     597     4877.6      994.3
   9.270     598     4881.5      994.3
   9.287     599     4890.8      981.2
   9.304     600     4852.4     1024.2
   9.322     601     4895.3      969.9
   9.339     602     4844.5      978.0
   9.356     603     4845.3      982.6
   9.372     604     4829.2      981.1
   9.389     605     4838.8      966.8
   9.406     606     4861.4      963.9
   9.423     607     4840.1      928.0
   9.439     608     4826.6      983.1
   9.456     609     4847.8      905.7
   9.473     610     4801.3      936.0
   9.490     611     4812.3     1024.5
   9.507     612     4895.3      924.1
   9.524     613     4846.8      965.4
   9.543     614     4828.2      925.9
   9.562     615     4805.0      913.7
   9.580     616     4879.7     1037.2
   9.597     617     4882.6     1055.4
   9.614     618     4763.7     1136.9
   9.630     619     4912.9     1088.5
   9.649     620     4805.5     1218.7
   9.665     621     4921.7     1072.1
   9.686     622     4792.5     1200.9
   9.700     623     4925.7     1084.4
   9.717     624     4938.6     1056.7
   9.734     625     4811.6     1191.1
   9.750     626     4870.7     1031.3
   9.767     627     4599.1      953.3
   9.784     628     4797.6     1157.5
   9.801     629     4809.3     1154.9
   9.818     630     4791.8     1203.2
   9.834     631     4893.0     1033.4
   9.851     632     4612.5      951.9
   9.868     633     4755.4     1173.5
   9.885     634     4491.2     1153.8
   9.901     635     4622.5      945.8
   9.918     636     4600.4      939.4
   9.936     637     4685.0     1302.2
   9.953     638     4707.0     1178.9
   9.972     639     4523.7      693.7
   9.988     640     4762.1     1103.6
  10.005     641     4659.5     1225.2
  10.022     642     4773.7     1010.4
  10.037     643     4726.8     1096.4
  10.054     644     4745.4     1125.9
  10.071     645     4794.2     1009.6
  10.088     646     4694.2     1098.3
  10.105     647     4749.0      982.6
  10.122     648     4739.2      989.8
  10.139     649     4777.0      966.6
  10.156     650     4684.0      948.5
  10.173     651     4742.2      937.7
  10.189     652     4721.7      957.8
  10.206     653     4625.7     1004.0
  10.223     654     4713.2      993.0
  10.241     655     4724.3      970.0
  10.258     656     4657.8      925.0
  10.275     657     4751.0      959.7
  10.292     658     4695.6      907.9
  10.309     659     4720.3      966.2
  10.325     660     4698.3      984.2
  10.341     661     4711.1      974.4
  10.360     662     4674.2      909.6
  10.376     663     4701.7      987.0
  10.393     664     4634.9      967.8
  10.410     665     4666.1      926.1
  10.427     666     4698.2      950.5
  10.445     667     4646.2      914.9
  10.462     668     4644.3      955.2
  10.478     669     4652.8      999.9
  10.495     670     4678.5      977.0
  10.512     671     4679.8     1042.3
  10.530     672     4664.3      979.6
  10.546     673     4696.0     1005.4
  10.563     674     4690.7      956.9
  10.580     675     4659.3      977.9
  10.597     676     4693.6      998.6
  10.613     677     4655.3     1018.9
  10.630     678     4652.8     1095.2
  10.648     679     4662.5      999.3
  10.665     680     4672.3     1049.4
  10.682     681     4700.1     1131.9
  10.699     682     4637.9     1064.3
  10.716     683     4636.4     1032.9
  10.732     684     4537.5      860.4
  10.750     685     4520.0      813.1
  10.766     686     4525.0      835.7
  10.783     687     4609.9     1054.9
  10.800     688     4622.2     1066.1
  10.819     689     4595.9     1142.8
  10.836     690     4465.5      905.8
  10.853     691     4349.9      941.2
  10.870     692     4589.9     1112.1
  10.886     693     4612.2     1139.6
  10.903     694     4563.5     1090.5
  10.919     695     4603.3     1147.2
  10.936     696     4634.8     1028.8
  10.953     697     4492.1      953.5
  10.970     698     4477.9     1029.4
  10.987     699     4502.5      942.1
  11.004     700     4471.1      956.3
  11.022     701     4467.1      921.0
  11.039     702     4457.0      903.3
  11.056     703     4422.6      902.1
  11.073     704     4452.8      948.7
  11.090     705     4455.9     1000.1
  11.107     706     4411.7      896.9
  11.124     707     4410.4      889.7
  11.140     708     4442.5      866.8
  11.157     709     4342.6      838.9
  11.173     710     4371.8      952.0
  11.190     711     4331.9      862.3
  11.207     712     4300.9      893.8
  11.224     713     4322.0      885.5
  11.242     714     4279.6      921.4
  11.258     715     4278.8      883.4
  11.275     716     4320.6      877.3
  11.293     717     4313.8      886.3
  11.309     718     4309.0      922.1
  11.329     719     4303.1      908.5
  11.347     720     4303.0      908.6
  11.364     721     4359.3      893.2
  11.381     722     4359.6      893.3
  11.399     723     4334.6      897.0
  11.418     724     4314.7      992.7
  11.433     725     4328.1      954.3
  11.449     726     4382.4      978.3
  11.466     727     4389.5      908.9
  11.483     728     4383.5      956.2
  11.500     729     4420.6      957.2
  11.517     730     4399.5      964.6
  11.534     731     4390.4      965.2
  11.550     732     4244.2      759.4
  11.569     733     4267.4      849.4
  11.585     734     4280.2      841.9
  11.601     735     4240.0      854.8
  11.618     736     4240.2      854.9
  11.636     737     4254.4      776.1
  11.653     738     4199.9      778.0
  11.670     739     4433.0     1045.3
  11.687     740     3951.4      414.6
  11.703     741     3885.8      488.4
  11.723     742     4274.9      983.0
  11.738     743     4337.0     1176.5
  11.755     744     4369.8     1021.6
  11.772     745     4266.7     1023.6
  11.789     746     4284.1     1032.2
  11.806     747     4288.1      949.2
  11.822     748     4303.7      946.3
  11.839     749     4284.9      972.9
  11.856     750     4272.7      969.0
  11.874     751     4220.5      911.1
  11.891     752     4308.2      843.7
  11.909     753     4217.9      973.8
  11.925     754     4182.0      759.5
  11.942     755     4307.3      796.2
  11.958     756     4204.6      802.8
  11.975     757     4241.7      752.5
  11.992     758     4178.2      907.9
  12.009     759     4246.3      857.4
  12.026     760     4222.3      778.4
  12.043     761     4150.8      934.1
  12.059     762     4123.3      981.3
  12.076     763     4208.9      807.4
  12.093     764     4191.0      861.4
  12.109     765     4043.9      985.5
  12.128     766     4169.5      869.4
  12.144     767     4067.7     1044.6
  12.161     768     4195.5      814.1
  12.178     769     4133.3      868.6
  12.195     770     4228.7      740.6
  12.212     771     4255.6      784.1
  12.228     772     4214.0      700.6
  12.245     773     4233.5      762.9
  12.262     774     4262.2      766.3
  12.279     775     4225.6      784.2
  12.296     776     4277.7      744.3
  12.313     777     4237.9      738.7
  12.330     778     4239.0      805.7
  12.347     779     4208.1      756.8
  12.365     780     4183.5      781.0
  12.383     781     4250.0      761.5
  12.399     782     4250.6      750.9
  12.416     783     4210.5      733.3
  12.433     784     4203.1      782.8
  12.450     785     4226.8      774.1
  12.468     786     4190.6      678.3
  12.485     787     4210.4      745.0
  12.501     788     4199.1      667.5
  12.518     789     4159.0      713.4
  12.535     790     4214.8      671.0
  12.552     791     4176.0      730.7
  12.574     792     4161.6      711.5
  12.594     793     4151.1      664.1
  12.612     794     4173.5      692.3
  12.628     795     4157.5      651.1
  12.645     796     4197.6      649.0
  12.662     797     4192.8      675.9
  12.679     798     4004.0      829.2
  12.696     799     4030.7      891.3
  12.716     800     4142.0      673.8
  12.734     801     4008.8      828.5
  12.755     802     3994.4      809.3
  12.773     803     4032.3      797.1
  12.789     804     4157.6      651.1
  12.806     805     4165.1      643.7
  12.823     806     4002.0      740.7
  12.839     807     4123.0      670.3
  12.856     808     4106.1      547.0
  12.873     809     4153.4      682.8
  12.891     810     4131.4      703.0
  12.908     811     4222.7      860.2
  12.924     812     4256.6      834.4
  12.945     813     4828.4       71.2
  12.961     814     4255.5      904.0
  12.978     815     4279.3      843.4
  12.998     816     4284.0      855.6
  13.014     817     4289.4      943.9
  13.031     818     4277.4      931.4
  13.048     819     4271.5      873.2
  13.065     820     4285.8      930.1
  13.082     821     4267.9      924.6
  13.099     822     4274.8      924.5
  13.116     823     4282.8      915.0
  13.133     824     4312.4      950.4
  13.150     825     4280.5      984.1
  13.168     826     4088.1      721.3
  13.186     827     4316.7     1021.0
  13.204     828     4273.7      975.0
  13.220     829     4060.0      718.9
  13.238     830     4043.8      749.6
  13.255     831     4245.8     1001.9
  13.271     832     4121.6      766.0
  13.288     833     4082.3      747.7
  13.305     834     4258.3      994.2
  13.322     835     4069.5      737.7
  13.339     836     4098.2      770.0
  13.356     837     4085.3      758.7
  13.373     838     4070.4      738.8
  13.390     839     3935.4      559.6
  13.406     840     4066.3      733.4
  13.422     841     4070.3      791.7
  13.439     842     4082.3      871.7
  13.456     843     3937.0      606.8
  13.473     844     3940.8      612.2
  13.490     845     3930.2      644.5
  13.509     846     3910.3      583.9
  13.525     847     3909.3      570.0
  13.542     848     4070.3      790.4
  13.558     849     4173.9      945.7
  13.575     850     4461.6      338.6
  13.592     851     4079.5      849.6
  13.609     852     4127.7      872.6
  13.626     853     4096.7      837.8
  13.643     854     4079.5      820.7
  13.660     855     4159.3      850.5
  13.678     856     4143.6      852.6
  13.694     857     4087.0      830.2
  13.711     858     4084.0      843.6
  13.728     859     4075.9      815.9
  13.745     860     4070.8      832.2
  13.762     861     4079.0      802.4
  13.779     862     4068.9      882.3
  13.796     863     4025.9      900.6
  13.813     864     4074.9      855.2
  13.830     865     4063.0      880.2
  13.846     866     4060.8      835.6
  13.863     867     4067.4      856.3
  13.880     868     4079.0      878.4
  13.897     869     4102.1      839.0
  13.914     870     4071.1      779.9
  13.932     871     4046.6      793.6
  13.949     872     4118.4      777.1
  13.966     873     4095.9      758.8
  13.982     874     3996.4      732.9
  13.999     875     4029.1      810.9
  14.016     876     4077.7      794.0
  14.034     877     4020.8      783.1
  14.052     878     3994.6      818.0
  14.068     879     4004.8      814.2
  14.085     880     4014.5      855.5
  14.102     881     4014.8      857.7
  14.118     882     3988.3      815.2
  14.135     883     4017.3      843.4
  14.155     884     4020.9      818.2
  14.172     885     4003.5      840.8
  14.190     886     3995.1      806.3
  14.208     887     3961.6      857.9
  14.224     888     4005.5      870.6
  14.241     889     4029.2      770.4
  14.258     890     4028.1      780.1
  14.275     891     3975.7      853.1
  14.292     892     4018.3      797.0
  14.309     893     3976.6      834.8
  14.326     894     3970.6      832.4
  14.343     895     3956.8      820.8
  14.359     896     4004.1      883.9
  14.380     897     3993.0      869.1
  14.396     898     4003.1      864.5
  14.413     899     3989.6      893.3
  14.431     900     4005.0      872.8
  14.448     901     4372.8      296.4
  14.466     902     3974.6      901.8
  14.482     903     3962.8      890.3
  14.499     904     3968.1      885.0
  14.516     905     3946.7      894.0
  14.534     906     3938.7      913.6
  14.550     907     3951.4      895.9
  14.567     908     3943.9      881.1
  14.584     909     3925.4      862.6
  14.602     910     3938.0      857.3
  14.618     911     3946.1      855.4
  14.635     912     3954.1      885.0
  14.652     913     3963.8      796.6
  14.669     914     3944.6      841.6
  14.686     915     3882.1      915.3
  14.703     916     3908.6      891.4
  14.720     917     3972.7      907.1
  14.737     918     3968.4      868.3
  14.753     919     3952.5      832.7
  14.770     920     3982.0      819.7
  14.787     921     3942.4      827.0
  14.804     922     3976.2      799.3
  14.821     923     3914.3      881.8
  14.838     924     3922.6      781.7
  14.855     925     3969.2      874.4
  14.872     926     3933.4      809.1
  14.888     927     3916.7      789.6
  14.905     928     3896.2      849.1
  14.922     929     3944.0      805.6
  14.939     930     3937.3      850.4
  14.956     931     3938.5      838.1
  14.973     932     3954.0      831.5
  14.990     933     3972.8      824.1
  15.008     934     3923.3      850.6
  15.024     935     3960.1      850.6
  15.041     936     3907.1      823.9
  15.058     937     3917.5      841.0
  15.075     938     3949.5      874.2
  15.091     939     3937.5      791.0
  15.108     940     3910.0      810.3
  15.125     941     3756.4     1102.3
  15.142     942     3801.0     1053.3
  15.160     943     3864.5      896.5
  15.176     944     3881.2      946.3
  15.193     945     3773.8      940.2
  15.212     946     3950.6      758.7
  15.228     947     3829.3      918.0
  15.245     948     3919.4      875.1
  15.263     949     3919.3      865.6
  15.280     950     3893.1      886.0
  15.296     951     3869.9      877.7
  15.313     952     3873.7      816.0
  15.330     953     3906.0      924.5
  15.349     954     3924.6      859.4
  15.365     955     3917.1      797.5
  15.382     956     3884.7      843.0
  15.399     957     3887.4      840.4
  15.416     958     3947.0      797.9
  15.432     959     3931.3      859.6
  15.449     960     3889.2      871.5
  15.466     961     3896.8      846.8
  15.486     962     3902.9      907.9
  15.503     963     3989.6      866.5
  15.520     964     3725.3      594.6
  15.537     965     3925.7      898.0
  15.553     966     3957.8      816.8
  15.572     967     3971.8      807.3
  15.588     968     3923.8      869.7
  15.605     969     3921.2      930.5
  15.622     970     3973.0      844.2
  15.639     971     3929.6      946.0
  15.656     972     3865.1      987.4
  15.672     973     3831.2     1022.3
  15.689     974     3708.0      695.0
  15.706     975     3880.7     1012.1
  15.725     976     3501.5      524.2
  15.741     977     3685.9      786.0
  15.758     978     3688.7      795.2
  15.775     979     3689.6      710.5
  15.792     980     3637.6      718.2
  15.808     981     3609.2      698.2
  15.825     982     3826.6      958.1
  15.842     983     3600.1      679.3
  15.859     984     3802.2      918.1
  15.876     985     3750.1      903.1
  15.893     986     3783.8      875.6
  15.911     987     3755.0      914.0
  15.928     988     3777.2      925.6
  15.944     989     3751.7      850.7
  15.963     990     3759.9      804.4
  15.979     991     3693.5      860.7
  15.996     992     3704.2      910.4
  16.013     993     3740.5      883.5
  16.030     994     3707.7      931.6
  16.048     995     3690.9      909.2
  16.064     996     3711.6      915.3
  16.083     997     3733.0      947.4
  16.099     998     3697.9      888.8
  16.116     999     3675.7      950.6
  16.133    1000     3740.3      931.1
  16.150    1001     3789.7      895.8
  16.167    1002     3765.3      898.0
  16.184    1003     3763.9      930.1
  16.200    1004     3797.6      926.8
  16.216    1005     3782.1      894.0
  16.234    1006     3794.9      920.7
  16.253    1007     3858.9      964.9
  16.271    1008     3820.3      988.7
  16.288    1009     3827.1      991.3
  16.306    1010     3786.0      897.4
  16.324    1011     3783.7      827.3
  16.340    1012     3851.7      950.7
  16.356    1013     3875.0      915.5
  16.373    1014     3741.8      774.8
  16.390    1015     3888.4      909.9
  16.408    1016     3787.0      777.2
  16.424    1017     3776.4      865.8
  16.442    1018     3762.8      722.4
  16.458    1019     3684.4      698.1
  16.475    1020     3704.2      756.5
  16.492    1021     3684.2      730.3
  16.509    1022     3667.5      652.2
  16.525    1023     3698.1      713.4
  16.544    1024     3708.6      699.4
  16.560    1025     3661.8      672.6
  16.576    1026     3696.2      719.5
  16.592    1027     3635.9      698.8
  16.610    1028     3682.5      713.5
  16.626    1029     3533.6      471.9
  16.644    1030     3523.3      487.7
  16.661    1031     3486.4      515.3
  16.678    1032     3493.7      520.0
  16.694    1033     3615.2      616.6
  16.711    1034     3651.5      601.2
  16.729    1035     3609.1      623.1
  16.746    1036     3699.0      650.6
  16.763    1037     3686.2      678.2
  16.780    1038     3713.9      722.6
  16.797    1039     3757.8      753.1
  16.814    1040     3772.8      722.4
  16.830    1041     3791.2      740.6
  16.847    1042     3710.5      699.6
  16.863    1043     3687.9      757.3
  16.879    1044     3576.5      598.3
  16.896    1045     3699.2      697.9
  16.912    1046     3621.6      556.4
  16.929    1047     3578.8      488.7
  16.947    1048     3558.6      536.0
  16.964    1049     3546.0      477.6
  16.980    1050     3473.7      498.4
  16.998    1051     3501.4      485.3
  17.015    1052     3421.2      387.9
  17.031    1053     3503.2      386.9
  17.048    1054     3131.9      -72.8
  17.065    1055     3137.4       -6.5
  17.085    1056     3039.6     -150.5
  17.105    1057     3498.7      462.3
  17.127    1058     3498.7      462.3
  17.145    1059     3327.2      207.4
  17.161    1060     3532.7      507.7
  17.180    1061     3715.3      104.8
  17.195    1062     3700.8     -429.6
  17.216    1063     3696.1     -415.3
  17.238    1064     3698.8     -418.9
  17.260    1065     3689.4     -431.4
  17.281    1066     3679.3     -417.9
  17.303    1067     3201.9      219.3
  17.323    1068     3194.1      221.7
  17.342    1069     3187.7      213.3
  17.361    1070     3192.6      206.8
  17.379    1071     3402.9      521.3
  17.397    1072     3455.7      531.1
  17.415    1073     3469.9      504.2
  17.434    1074     3488.4      542.4
  17.453    1075     3435.3      613.3
  17.474    1076     3435.3      613.3
  17.497    1077     3435.3      613.3
  17.517    1078     3420.5      641.0
  17.536    1079     3470.2      574.6
  17.556    1080     3432.3      625.3
  17.574    1081     3335.1      451.2
  17.594    1082     3354.8      477.5
  17.612    1083     3380.2      451.6
  17.630    1084     3569.6      716.5
  17.646    1085     3516.0      705.8
  17.662    1086     3530.9      702.8
  17.680    1087     3104.3      120.3
  17.703    1088     3104.3      120.3
  17.722    1089     3461.5      765.0
  17.739    1090     3055.6      148.6
  17.758    1091     3068.4      131.6
  17.778    1092     3080.9      155.6
  17.793    1093     3513.7      760.0
  17.812    1094     3469.6      713.0
  17.828    1095     3480.5      701.4
  17.846    1096     3490.4      700.6
  17.861    1097     3500.6      788.8
  17.883    1098     3492.2      791.7
  17.899    1099     3456.7      688.3
  17.917    1100     3085.9      124.6
  17.938    1101     3085.9      124.6
  17.959    1102     3433.1      588.0
  17.979    1103     3433.1      588.0
  17.997    1104     3391.2      547.6
  18.015    1105     3377.1      563.4
  18.034    1106     3533.9      772.7
  18.055    1107     3533.9      772.7
  18.072    1108     3401.9      562.8
  18.088    1109     3418.1      584.5
  18.105    1110     3450.0      591.3
  18.125    1111     3441.9      580.5
  18.141    1112     3370.4      593.9
  18.157    1113     3386.1      681.5
  18.174    1114     3405.6      596.2
  18.191    1115     3396.5      602.6
  18.207    1116     3401.8      609.7
  18.224    1117     3378.3      621.1
  18.241    1118     3360.5      685.3
  18.259    1119     3336.5      628.2
  18.276    1120     3387.9      656.5
  18.293    1121     3356.8      628.1
  18.310    1122     3366.2      632.0
  18.326    1123     3341.8      620.1
  18.343    1124     3355.0      617.0
  18.358    1125     3329.3      649.5
  18.375    1126     3410.7      680.1
  18.392    1127     3386.9      757.8
  18.409    1128     3404.8      704.7
  18.426    1129     3401.7      716.5
  18.445    1130     3368.4      761.0
  18.462    1131     3421.2      780.9
  18.479    1132     3431.6      831.3
  18.495    1133     3475.6      789.6
  18.512    1134     3519.5      857.2
  18.529    1135     3493.7      914.2
  18.546    1136     3449.1      857.5
  18.562    1137     3542.5     1012.4
  18.579    1138     3520.9      939.6
  18.596    1139     3537.7      958.8
  18.613    1140     3499.1      954.5
  18.630    1141     3614.9     1094.4
  18.646    1142     3600.4     1076.7
  18.664    1143     3629.2     1142.4
  18.681    1144     3525.4     1011.7
  18.698    1145     3649.2     1181.2
  18.715    1146     3630.8     1167.0
  18.734    1147     3617.3     1156.8
  18.750    1148     3592.6     1108.5
  18.765    1149     3634.0     1112.1
  18.781    1150     3594.8     1129.6
  18.798    1151     3562.2     1160.7
  18.815    1152     3558.8     1129.6
  18.832    1153     3598.6     1208.3
  18.851    1154     3561.2     1174.4
  18.868    1155     3547.2     1213.3
  18.885    1156     3484.8     1112.3
  18.902    1157     3520.1     1122.1
  18.918    1158     3480.4     1058.6
  18.935    1159     3519.3     1073.9
  18.952    1160     3503.4     1016.1
  18.968    1161     3439.2      941.2
  18.985    1162     3466.6      981.1
  19.002    1163     3459.0     1020.5
  19.019    1164     3485.7     1054.0
  19.036    1165     3290.1      790.3
  19.054    1166     3514.4     1100.3
  19.070    1167     3548.7     1080.0
  19.086    1168     3355.7      852.1
  19.103    1169     3358.8      904.3
  19.120    1170     3324.7      858.7
  19.138    1171     3193.0      642.9
  19.154    1172     3181.9      716.3
  19.171    1173     3175.6      762.7
  19.189    1174     3235.9      835.0
  19.206    1175     3235.5      805.2
  19.222    1176     3212.8      752.5
  19.239    1177     3231.4      822.4
  19.256    1178     3183.5      866.7
  19.272    1179     3242.3      793.4
  19.289    1180     3270.5      833.2
  19.306    1181     3320.7      793.6
  19.323    1182     3375.0      840.2
  19.340    1183     3431.9     1076.3
  19.356    1184     3409.1     1036.7
  19.374    1185     3368.2      894.5
  19.391    1186     3307.4     1077.1
  19.410    1187     3341.2     1122.2
  19.426    1188     3362.7      950.0
  19.443    1189     3348.0      892.5
  19.459    1190     3336.0      952.7
  19.477    1191     3356.0      908.1
  19.493    1192     3331.9      998.9
  19.510    1193     3352.9     1005.7
  19.527    1194     3348.9      895.8
  19.544    1195     3331.1      950.5
  19.562    1196     3355.9      900.8
  19.579    1197     3301.8      956.7
  19.597    1198     3315.0      974.3
  19.614    1199     3268.9      917.2
  19.630    1200     3315.0      898.6
  19.649    1201     3343.8      983.9
  19.667    1202     3370.4      957.9
  19.684    1203     3302.8      875.5
  19.701    1204     3299.1      938.2
  19.718    1205     3261.2      898.2
  19.736    1206     3266.8      890.8
  19.752    1207     3304.6      894.7
  19.770    1208     3301.0      845.1
  19.787    1209     3300.7      870.3
  19.804    1210     3254.7      854.4
  19.821    1211     3219.6      852.0
  19.838    1212     3213.3      854.2
  19.854    1213     3232.1      837.1
  19.870    1214     3194.5      872.1
  19.887    1215     3256.5      875.8
  19.904    1216     3273.2      888.5
  19.923    1217     3213.4      793.6
  19.939    1218     3200.9      882.6
  19.956    1219     3271.0      836.4
  19.974    1220     3128.6      675.2
  19.991    1221     3178.2      725.6
  20.007    1222     3189.1      734.6
  20.024    1223     3176.4      651.2
  20.041    1224     3130.6      613.0
  20.058    1225     3111.4      462.7
  20.074    1226     3124.2      521.8
  20.091    1227     3072.4      468.2
  20.108    1228     3150.4      544.8
  20.125    1229     3000.2      461.6
  20.142    1230     3069.8      565.5
  20.158    1231     2872.1      279.9
  20.176    1232     3056.8      638.8
  20.193    1233     2981.3      474.2
  20.210    1234     2974.0      430.9
  20.226    1235     2977.9      500.2
  20.243    1236     2874.0      246.2
  20.259    1237     3122.5      565.9
  20.276    1238     3433.4      301.5
  20.293    1239     3106.5      737.9
  20.309    1240     2672.7       45.4
  20.326    1241     2754.1      604.5
  20.343    1242     2734.4      667.9
  20.362    1243     2726.0      672.4
  20.379    1244     2938.1      902.3
  20.396    1245     2997.3      877.4
  20.413    1246     2958.9      828.5
  20.430    1247     2972.8      810.3
  20.446    1248     2917.1      829.1
  20.462    1249     2746.8      572.7
  20.479    1250     2992.9      896.2
  20.496    1251     2992.2      796.2
  20.513    1252     2995.5      931.8
  20.530    1253     3096.1      853.9
  20.550    1254     3123.9      858.6
  20.567    1255     3122.0      924.4
  20.584    1256     3105.5      972.0
  20.601    1257     3077.2      870.4
  20.618    1258     3118.2      951.2
  20.635    1259     3104.2      922.2
  20.652    1260     2754.9      456.1
  20.669    1261     3132.2     1013.0
  20.685    1262     3082.0      986.0
  20.703    1263     2995.2      760.4
  20.719    1264     3089.0      971.0
  20.738    1265     2947.9      823.6
  20.754    1266     2928.5      746.5
  20.771    1267     3094.9      987.7
  20.788    1268     3126.3      929.5
  20.805    1269     2949.0      817.1
  20.822    1270     3030.6      731.2
  20.842    1271     3017.2      672.9
  20.859    1272     3026.1      711.8
  20.879    1273     2951.3      435.2
  20.898    1274     2952.9      421.2
  20.915    1275     3182.5      801.0
  20.933    1276     3068.9      619.0
  20.949    1277     3137.7      780.7
  20.966    1278     3054.5      803.4
  20.983    1279     3136.2      764.8
  21.000    1280     3137.1      788.3
  21.017    1281     3021.7      679.3
  21.035    1282     2936.4      686.9
  21.053    1283     2954.5      700.4
  21.069    1284     2760.6      559.7
  21.086    1285     2853.6      698.1
  21.103    1286     2870.6      683.4
  21.119    1287     2860.9      727.6
  21.136    1288     2851.9      776.5
  21.154    1289     2830.8      732.6
  21.170    1290     2971.5      931.7
  21.187    1291     2838.8      748.2
  21.204    1292     3021.3      902.5
  21.221    1293     2883.7      775.5
  21.238    1294     2855.2      782.6
  21.255    1295     3093.8     1038.5
  21.273    1296     3053.5      944.8
  21.291    1297     2804.3      735.8
  21.308    1298     2897.6      741.5
  21.323    1299     2747.6      546.6
  21.340    1300     2732.8      667.3
  21.357    1301     2744.2      631.8
  21.375    1302     2748.8      727.6
  21.391    1303     2756.1      781.9
  21.408    1304     2725.3      803.4
  21.426    1305     2739.9      773.1
  21.444    1306     2737.4      839.7
  21.461    1307     2737.7      823.9
  21.477    1308     2772.1      886.1
  21.495    1309     2756.1      864.7
  21.512    1310     2735.0      874.6
  21.529    1311     2728.0      826.2
  21.546    1312     2791.0      839.5
  21.565    1313     2785.3      790.7
  21.581    1314     2771.8      866.4
  21.598    1315     2788.0      810.9
  21.615    1316     2807.9      877.9
  21.634    1317     2797.9      807.6
  21.650    1318     2778.9      800.0
  21.668    1319     2750.8      795.7
  21.685    1320     2725.9      706.1
  21.701    1321     2757.9      782.6
  21.718    1322     2706.5      706.3
  21.735    1323     2708.5      747.6
  21.754    1324     2676.2      680.2
  21.770    1325     2711.4      720.6
  21.787    1326     2844.1      885.6
  21.805    1327     2814.4      925.2
  21.823    1328     2827.8      902.8
  21.839    1329     2806.9      928.0
  21.856    1330     2755.2      935.9
  21.875    1331     2781.0      968.9
  21.891    1332     2593.0      767.0
  21.908    1333     2739.5      990.7
  21.926    1334     2579.6      751.9
  21.943    1335     2771.8      933.0
  21.959    1336     2684.7      711.3
  21.976    1337     2631.1      816.8
  21.993    1338     2635.2      781.1
  22.010    1339     2604.8      859.0
  22.027    1340     2693.0      857.4
  22.045    1341     2696.9      879.9
  22.063    1342     2699.3      891.0
  22.080    1343     2712.2      950.2
  22.096    1344     2727.1      907.5
  22.113    1345     2780.2      902.6
  22.130    1346     2770.1      878.3
  22.147    1347     2754.5      813.4
  22.164    1348     2745.4      823.2
  22.181    1349     2754.4      798.6
  22.198    1350     2770.6      826.4
  22.215    1351     2778.3      820.0
  22.231    1352     2787.6      780.7
  22.248    1353     2775.0      801.4
  22.265    1354     2851.0      719.2
  22.282    1355     2873.1      746.3
  22.299    1356     2778.9      769.1
  22.315    1357     2805.1      774.8
  22.332    1358     2862.7      726.5
  22.349    1359     2820.9      701.7
  22.366    1360     2823.3      754.3
  22.382    1361     2780.4      754.9
  22.399    1362     2728.2      745.1
  22.416    1363     2708.7      745.5
  22.433    1364     2510.1      959.2
  22.450    1365     2749.2     1176.8
  22.467    1366     2571.4      889.6
  22.484    1367     2637.3     1144.7
  22.501    1368     2666.8     1004.7
  22.517    1369     2633.0     1026.4
  22.534    1370     2662.3      967.9
  22.551    1371     2702.7     1002.3
  22.568    1372     2533.6      788.0
  22.585    1373     2600.0      880.5
  22.602    1374     2587.4      845.5
  22.620    1375     2559.0      807.6
  22.637    1376     2648.9     1011.5
  22.653    1377     2636.2      927.3
  22.670    1378     2614.4      960.7
  22.689    1379     2613.1      886.4
  22.705    1380     2685.2      999.9
  22.722    1381     2621.7      856.3
  22.739    1382     2651.0      883.7
  22.756    1383     2585.7      852.1
  22.773    1384     2596.0      911.6
  22.790    1385     2628.4      860.0
  22.806    1386     2610.1      803.7
  22.823    1387     2563.6      842.6
  22.840    1388     2578.5      806.4
  22.857    1389     2564.0      791.1
  22.874    1390     2547.3      744.0
  22.891    1391     2544.5      716.1
  22.908    1392     2553.2      751.9
  22.925    1393     2550.2      629.7
  22.943    1394     2463.5      772.9
  22.959    1395     2489.9      674.8
  22.976    1396     2451.6      717.9
  22.993    1397     2496.3      754.9
  23.011    1398     2467.8      685.2
  23.028    1399     2435.8      722.6
  23.045    1400     2454.3      716.1
  23.061    1401     2456.2      642.7
  23.078    1402     2486.4      626.9
  23.095    1403     2456.5      615.2
  23.113    1404     2415.7      560.7
  23.130    1405     2404.4      550.7
  23.147    1406     2430.5      498.2
  23.163    1407     2382.4      410.5
  23.180    1408     2396.5      429.3
  23.197    1409     2387.8      401.0
  23.214    1410     2394.6      381.7
  23.231    1411     2367.7      335.9
  23.248    1412     2551.7      755.4
  23.267    1413     2567.3      751.5
  23.283    1414     2627.6      644.0
  23.300    1415     2641.6      641.6
  23.317    1416     2669.6      570.8
  23.332    1417     2606.0      638.4
  23.349    1418     2637.0      569.5
  23.367    1419     2569.6      579.2
  23.383    1420     2630.0      528.7
  23.403    1421     2577.0      564.3
  23.419    1422     2537.3      554.2
  23.436    1423     2557.5      493.6
  23.453    1424     2493.8      526.5
  23.469    1425     2455.9      542.9
  23.486    1426     2331.8      748.0
  23.503    1427     2485.8      564.4
  23.520    1428     2324.8      659.0
  23.537    1429     2504.2      560.3
  23.554    1430     2430.9      491.2
  23.572    1431     2293.6      630.4
  23.589    1432     2350.1      608.3
  23.605    1433     2163.1      507.3
  23.623    1434     2362.5      842.9
  23.641    1435     2180.1      560.6
  23.659    1436     2439.1      725.9
  23.675    1437     2352.8      655.3
  23.693    1438     2467.3      726.2
  23.710    1439     2361.3      574.7
  23.727    1440     2495.1      789.6
  23.743    1441     2495.2      835.4
  23.760    1442     2206.9      439.3
  23.777    1443     2510.2      771.8
  23.796    1444     2504.5      793.0
  23.812    1445     2397.0      625.0
  23.828    1446     2377.4      605.0
  23.845    1447     2376.9      622.7
  23.861    1448     2328.6      533.6
  23.879    1449     2369.8      597.2
  23.895    1450     2452.5      844.1
  23.913    1451     2441.0      754.3
  23.930    1452     2455.2      795.4
  23.947    1453     2436.3      743.1
  23.964    1454     2374.4      698.6
  23.981    1455     2426.0      716.0
  23.997    1456     2425.3      693.7
  24.014    1457     2548.8      819.3
  24.032    1458     2527.8      904.5
  24.048    1459     2297.6      812.5
  24.065    1460     2404.8      923.2
  24.082    1461     2289.8      769.9
  24.099    1462     2386.6      853.2
  24.117    1463     2375.8      877.5
  24.133    1464     2407.1      917.4
  24.150    1465     2365.9      900.6
  24.167    1466     2343.2      882.2
  24.184    1467     2344.3      909.7
  24.203    1468     2317.3      952.7
  24.224    1469     2320.1      956.5
  24.244    1470     2323.8      951.6
  24.261    1471     2331.0      920.9
  24.277    1472     2382.6      904.3
  24.296    1473     2423.2      850.2
  24.313    1474     2274.5      895.5
  24.332    1475     2374.7      761.9
  24.350    1476     2364.5      857.1
  24.366    1477     2371.2      823.0
  24.383    1478     2477.9      765.7
  24.400    1479     2475.9      737.4
  24.418    1480     2494.1      729.6
  24.438    1481     2470.4      698.1
  24.457    1482     2468.1      761.2
  24.473    1483     2429.6      710.1
  24.490    1484     2433.3      747.7
  24.507    1485     2430.8      726.8
  24.526    1486     2424.0      763.7
  24.542    1487     2423.3      751.8
  24.559    1488     2421.1      782.1
  24.576    1489     2418.1      825.3
  24.593    1490     2427.5      852.0
  24.610    1491     2389.2      828.4
  24.626    1492     2447.1      878.1
  24.643    1493     2468.9      918.2
  24.661    1494     2431.2      895.3
  24.677    1495     2423.3      941.1
  24.698    1496     2393.3      901.2
  24.717    1497     2378.0      921.6
  24.736    1498     2431.2     1020.5
  24.752    1499     2361.7     1043.6
  24.769    1500     2405.6     1021.2
  24.786    1501     2216.8      798.5
  24.803    1502     2236.9      876.0
  24.820    1503     2440.5     1138.0
  24.836    1504     2342.4      849.7
  24.853    1505     2318.4      828.2
  24.871    1506     2369.2      875.7
  24.887    1507     2214.8      637.4
  24.903    1508     2235.8      693.2
  24.920    1509     2152.2      697.3
  24.938    1510     2208.5      633.5
  24.955    1511     2366.0      874.0
  24.972    1512     2227.2      691.3
  24.989    1513     2147.0      640.4
  25.006    1514     2209.8      741.1
  25.023    1515     2209.0      711.9
  25.041    1516     2199.7      736.0
  25.057    1517     2315.2      939.9
  25.075    1518     2262.3      907.0
  25.093    1519     2221.0      901.0
  25.109    1520     2193.1      919.3
  25.126    1521     2237.7     1064.3
  25.142    1522     2336.0     1068.9
  25.158    1523     2168.3     1010.8
  25.175    1524     2271.3     1080.6
  25.192    1525     2233.2     1136.3
  25.209    1526     2312.4     1184.5
  25.227    1527     2291.2      954.5
  25.244    1528     2269.0      947.6
  25.261    1529     2327.0      938.1
  25.279    1530     2304.5      861.7
  25.295    1531     2299.6      895.1
  25.312    1532     2308.6      857.6
  25.328    1533     2231.1      916.0
  25.345    1534     2244.7      836.6
  25.362    1535     2234.2      889.4
  25.379    1536     2177.3      881.8
  25.396    1537     2198.8      880.4
  25.413    1538     2138.8      847.7
  25.430    1539     2120.2      860.8
  25.447    1540     2117.7      780.7
  25.466    1541     2096.7      761.7
  25.484    1542     2076.8      801.6
  25.500    1543     2104.1      820.3
  25.517    1544     2132.6      896.1
  25.533    1545     2138.4      951.3
  25.550    1546     2135.9      891.4
  25.566    1547     2133.2      896.9
  25.583    1548     2046.2      809.6
  25.602    1549     2093.9      835.7
  25.618    1550     2138.3      971.8
  25.636    1551     2068.9      849.2
  25.653    1552     1478.0      108.8
  25.670    1553     1402.1       65.9
  25.687    1554     1823.1      560.4
  25.703    1555     1437.3       45.3
  25.724    1556     1778.4      520.0
  25.740    1557     1777.3      415.0
  25.757    1558     1859.8      553.6
  25.774    1559     1814.3      444.2
  25.792    1560     1823.6      308.7
  25.808    1561     2015.3      685.7
  25.825    1562     2031.5      671.9
  25.843    1563     2023.7      688.1
  25.859    1564     1957.0      608.6
  25.876    1565     1958.0      638.6
  25.893    1566     1894.6      562.2
  25.910    1567     1926.8      613.7
  25.928    1568     1869.9      613.0
  25.944    1569     1847.0      667.8
  25.963    1570     1863.5      623.5
  25.981    1571     1878.3      671.8
  25.997    1572     1842.2      699.8
  26.014    1573     1825.7      698.3
  26.030    1574     1858.8      665.2
  26.048    1575     1816.2      735.4
  26.064    1576     1900.0      739.8
  26.081    1577     1884.4      709.6
  26.098    1578     1844.4      723.1
  26.115    1579     1859.1      772.0
  26.133    1580     1891.7      652.0
  26.150    1581     1873.6      713.4
  26.167    1582     1934.7      699.4
  26.184    1583     1906.2      689.8
  26.201    1584     1886.0      615.3
  26.217    1585     1871.8      625.6
  26.234    1586     1859.5      589.8
  26.251    1587     1858.9      626.6
  26.268    1588     1889.6      542.8
  26.285    1589     1886.1      549.2
  26.303    1590     1894.3      543.4
  26.321    1591     1882.2      498.5
  26.336    1592     1885.7      492.6
  26.353    1593     1859.4      455.1
  26.370    1594     1867.0      515.0
  26.387    1595     1880.6      485.8
  26.404    1596     1902.9      515.9
  26.422    1597     1911.3      507.5
  26.439    1598     1850.8      464.3
  26.456    1599     1894.5      533.0
  26.472    1600     1901.8      571.1
  26.489    1601     1858.8      589.8
  26.506    1602     1849.1      642.7
  26.523    1603     1839.4      638.5
  26.539    1604     1854.7      687.2
  26.558    1605     1785.4      622.4
  26.574    1606     1769.7      723.2
  26.591    1607     1772.0      763.1
  26.607    1608     1808.6      793.6
  26.624    1609     1772.6      738.9
  26.642    1610     1793.1      708.4
  26.659    1611     1782.7      684.4
  26.676    1612     1776.6      733.6
  26.693    1613     1753.8      695.5
  26.710    1614     1755.4      726.3
  26.727    1615     1766.8      702.6
  26.742    1616     1765.8      721.5
  26.759    1617     1771.9      729.6
  26.778    1618     1811.3      790.2
  26.793    1619     1777.8      736.0
  26.809    1620     1801.4      742.2
  26.827    1621     1785.2      738.2
  26.844    1622     1773.6      693.5
  26.860    1623     1783.6      725.6
  26.877    1624     1781.4      777.6
  26.894    1625     1769.7      754.1
  26.910    1626     1812.1      743.2
  26.929    1627     1732.4      713.7
  26.944    1628     1794.9      675.1
  26.963    1629     1793.1      643.8
  26.979    1630     1793.4      758.3
  26.996    1631     1788.6      740.4
  27.013    1632     1802.1      747.9
  27.030    1633     1734.1      666.9
  27.046    1634     1762.4      725.3
  27.063    1635     1769.1      733.9
  27.080    1636     1820.4      728.4
  27.097    1637     1797.7      706.8
  27.114    1638     1781.0      750.6
  27.131    1639     1730.2      671.3
  27.147    1640     1697.8      751.6
  27.164    1641     1700.0      710.4
  27.181    1642     1644.0      756.3
  27.199    1643     1581.6      700.0
  27.215    1644     1668.3      637.1
  27.233    1645     1649.3      609.6
  27.250    1646     1579.4      574.6
  27.267    1647     1554.2      626.2
  27.284    1648     1574.1      595.8
  27.302    1649     1551.3      507.4
  27.320    1650     1578.3      601.4
  27.335    1651     1549.0      598.7
  27.352    1652     1576.7      541.0
  27.369    1653     1566.4      538.1
  27.386    1654     1532.5      454.2
  27.403    1655     1514.8      505.3
  27.426    1656     1514.8      505.3
  27.446    1657     1508.6      497.1
  27.466    1658     1535.5      477.7
  27.483    1659     1517.6      536.4
  27.501    1660     1457.0      446.8
  27.519    1661     1427.0      446.0
  27.538    1662     1433.8      448.1
  27.554    1663     1424.4      444.3
  27.570    1664     1458.1      595.4
  27.588    1665     1437.3      500.5
  27.604    1666     1411.0      462.0
  27.620    1667     1409.5      498.9
  27.636    1668     1442.9      487.9
  27.653    1669     1355.1      415.2
  27.670    1670     1429.2      508.0
  27.688    1671     1398.4      497.4
  27.704    1672     1387.6      441.0
  27.722    1673     1387.8      440.7
  27.739    1674     1423.5      537.8
  27.755    1675     1370.8      479.9
  27.772    1676     1454.5      494.0
  27.791    1677     1552.1      664.3
  27.807    1678     1601.7      672.7
  27.826    1679     1572.5      733.6
  27.843    1680     1379.8      485.0
  27.860    1681     1477.9      618.0
  27.877    1682     1557.0      743.6
  27.893    1683     1624.4      761.5
  27.910    1684     1629.6      815.7
  27.927    1685     1451.6      613.5
  27.943    1686     1551.9      729.2
  27.960    1687     1458.8      635.8
  27.980    1688     1452.2      618.4
  27.997    1689     1517.3      653.4
  28.015    1690     1513.4      626.3
  28.032    1691     1585.8      720.6
  28.049    1692     1554.8      647.7
  28.066    1693     1514.3      698.3
  28.085    1694     1534.1      645.4
  28.102    1695     1568.3      637.2
  28.119    1696     1488.1      788.5
  28.135    1697     1569.0      713.7
  28.152    1698     1560.1      713.2
  28.169    1699     1536.3      664.1
  28.186    1700     1525.5      626.8
  28.203    1701     1476.4      641.0
  28.221    1702     1472.9      671.9
  28.240    1703     1451.9      673.8
  28.260    1704     1472.9      701.9
  28.279    1705     1477.2      680.7
  28.302    1706     1477.2      680.7
  28.323    1707     1487.0      693.8
  28.346    1708     1504.9      717.8
  28.366    1709     1353.2      515.3
  28.385    1710     1336.4      511.0
  28.405    1711     1340.4      516.4
  28.426    1712     1340.4      516.4
  28.449    1713     1340.4      516.4
  28.467    1714     1211.1      293.5
  28.485    1715     1264.1      327.8
  28.501    1716     1220.8      314.7
  28.520    1717     1228.0      294.1
  28.537    1718     1432.6      496.6
  28.555    1719     1418.0      583.5
  28.571    1720     1031.5      103.3
  28.588    1721     1138.6      222.3
  28.605    1722      882.8     -156.0
  28.622    1723      655.1     -361.1
  28.638    1724      711.2     -314.5
  28.657    1725     1087.0      166.4
  28.673    1726     1081.3      174.0
  28.689    1727     1023.2      164.5
  28.706    1728     1017.1      112.3
  28.724    1729     1012.8      115.3
  28.745    1730     1043.3       74.7
  28.761    1731     1607.3      770.6
  28.779    1732     1587.7      811.6
  28.796    1733     1538.8      721.6
  28.813    1734     1198.5      265.5
  28.829    1735     1539.9      703.5
  28.845    1736     1583.4      771.3
  28.862    1737     1583.4      628.0
  28.880    1738     1563.6      666.9
  28.898    1739     1511.8      725.8
  28.915    1740     1512.3      633.8
  28.932    1741     1525.9      725.0
  28.949    1742     1508.3      704.5
  28.968    1743     1494.3      717.6
  28.984    1744     1500.9      672.0
  29.001    1745     1491.3      787.0
  29.021    1746     1446.7      754.6
  29.041    1747     1471.0      814.0
  29.059    1748     1426.1      753.9
  29.076    1749     1510.7      703.7
  29.095    1750     1491.0      734.9
  29.112    1751     1534.0      672.5
  29.129    1752     1541.2      803.2
  29.144    1753     1524.2      699.1
  29.161    1754     1520.2      783.8
  29.178    1755     1483.7      750.1
  29.195    1756     1534.3      763.5
  29.214    1757     1088.1      167.9
  29.230    1758     1113.7      195.5
  29.249    1759     1101.8      179.6
  29.267    1760     1541.0      757.1
  29.285    1761     1486.8      730.6
  29.301    1762     1499.1      653.8
  29.320    1763     1513.5      624.7
  29.336    1764     1512.2      671.3
  29.352    1765     1488.5      665.3
  29.370    1766     1486.8      663.0
  29.386    1767     1522.3      654.4
  29.404    1768     1454.2      609.6
  29.420    1769     1446.2      752.8
  29.437    1770     1454.5      657.8
  29.455    1771     1410.0      587.5
  29.474    1772     1378.2      600.1
  29.491    1773     1421.6      669.1
  29.509    1774     1425.3      628.9
  29.525    1775     1424.0      630.6
  29.541    1776     1402.2      632.1
  29.558    1777     1412.8      682.0
  29.575    1778     1412.2      635.6
  29.592    1779     1465.2      641.3
  29.609    1780     1429.9      659.2
  29.626    1781     1454.0      680.3
  29.643    1782     1493.5      679.0
  29.660    1783     1464.5      705.3
  29.677    1784     1438.2      718.6
  29.694    1785     1426.4      695.3
  29.711    1786     1520.6      678.2
  29.730    1787     1488.2      755.7
  29.746    1788     1475.2      702.1
  29.763    1789     1472.1      712.2
  29.779    1790     1129.7      256.3
  29.798    1791     1457.5      721.1
  29.816    1792     1452.2      723.6
  29.834    1793     1075.8      184.4
  29.851    1794     1482.7      688.1
  29.869    1795     1051.4      167.8
  29.885    1796     1425.3      731.1
  29.902    1797     1407.2      718.3
  29.919    1798     1425.4      699.1
  29.936    1799     1379.4      740.6
  29.952    1800     1310.9      614.2
  29.969    1801     1298.0      609.4
  29.986    1802     1320.6      627.1
  30.003    1803     1142.3      441.5
  30.020    1804     1177.7      478.2
  30.036    1805     1250.6      417.6
  30.054    1806     1335.2      642.3
  30.071    1807     1184.9      428.6
  30.088    1808     1196.2      383.2
  30.105    1809     1330.6      551.5
  30.123    1810     1387.1      598.7
  30.141    1811     1536.3      843.4
  30.157    1812     1401.1      563.5
  30.174    1813     1387.1      562.6
  30.191    1814     1279.6      556.4
  30.210    1815     1514.2      796.8
  30.226    1816     1299.6      571.8
  30.242    1817     1355.6      542.5
  30.259    1818     1342.2      510.2
  30.278    1819     1366.5      477.7
  30.296    1820     1033.2      125.1
  30.314    1821     1509.1      781.2
  30.330    1822     1264.8      473.5
  30.349    1823     1248.6      485.5
  30.367    1824     1260.3      510.9
  30.390    1825     1260.3      510.9
  30.408    1826     1241.1      454.3
  30.423    1827     1533.4      825.9
  30.441    1828     1470.0      836.2
  30.459    1829     1463.5      859.8
  30.480    1830     1467.4      865.0
  30.499    1831     1506.2      834.2
  30.514    1832     1438.7      794.3
  30.533    1833     1455.7      771.6
  30.549    1834     1432.2      803.0
  30.565    1835     1401.8      853.7
  30.582    1836     1399.9      812.2
  30.599    1837     1421.0      829.9
  30.618    1838     1506.2     1024.5
  30.634    1839     1448.9      854.7
  30.653    1840     1454.5      865.0
  30.669    1841     1440.8      882.6
  30.686    1842     1443.7      941.7
  30.703    1843     1426.6      912.0
  30.720    1844     1411.5      920.2
  30.740    1845     1432.4      939.6
  30.757    1846     1442.8      943.8
  30.778    1847     1407.5      896.7
  30.798    1848     1419.3      957.2
  30.820    1849     1421.6      960.4
  30.840    1850     1305.5      805.4
  30.864    1851     1305.5      805.4
  30.884    1852     1322.6      828.1
  30.904    1853     1239.2      752.7
  30.926    1854     1392.3      957.1
  30.946    1855     1288.6      853.3
  30.962    1856     1192.1      946.2
  30.979    1857     1239.6      992.3
  30.996    1858     1207.6     1000.7
  31.013    1859     1132.2      843.2
  31.030    1860     1114.4      807.9
  31.046    1861     1134.8      812.6
  31.062    1862     1115.9      859.3
  31.079    1863     1173.0      828.3
  31.096    1864     1224.7      811.4
  31.113    1865     1172.7      811.1
  31.130    1866     1215.3      789.5
  31.148    1867     1192.7      757.4
  31.165    1868     1141.8      776.1
  31.184    1869     1143.4      778.3
  31.200    1870     1176.8      746.7
  31.217    1871     1197.6      710.0
  31.234    1872     1197.7      702.2
  31.250    1873     1211.4      705.9
  31.269    1874     1211.7      624.6
  31.290    1875     1208.3      620.0
  31.308    1876     1240.2      689.7
  31.326    1877     1223.8      738.8
  31.344    1878     1185.9      677.9
  31.362    1879     1184.9      771.9
  31.380    1880     1200.4      760.1
  31.396    1881     1151.1      683.8
  31.414    1882     1152.7      677.4
  31.430    1883     1136.7      648.6
  31.446    1884     1153.9      720.7
  31.465    1885     1126.4      720.0
  31.482    1886     1069.3      687.7
  31.499    1887     1085.5      711.6
  31.515    1888     1113.1      684.4
  31.532    1889     1113.4      746.6
  31.552    1890     1072.8      791.7
  31.570    1891     1108.0      762.8
  31.586    1892     1109.6      770.7
  31.603    1893     1083.0      723.7
  31.620    1894     1027.0      790.3
  31.636    1895     1039.8      763.5
  31.652    1896     1047.7      736.3
  31.669    1897      986.6      808.1
  31.686    1898     1116.9      742.6
  31.703    1899     1011.5      770.2
  31.720    1900     1068.3      708.5
  31.738    1901     1030.8      658.5
  31.756    1902     1222.1      448.5
  31.773    1903     1064.8      667.1
  31.789    1904     1007.4      739.9
  31.806    1905     1055.4      698.4
  31.823    1906     1184.7      485.1
  31.840    1907     1237.5      350.3
  31.856    1908      969.2      710.8
  31.873    1909     1258.8      420.1
  31.891    1910     1122.0      620.1
  31.911    1911     1026.6      610.4
  31.927    1912     1216.4      339.3
  31.947    1913     1053.4      574.3
  31.962    1914      999.6      590.1
  31.981    1915     1140.4      406.4
  31.997    1916     1157.8      387.4
  32.014    1917     1139.9      380.8
  32.030    1918     1127.6      406.5
  32.047    1919     1080.3      454.4
  32.063    1920     1085.0      393.7
  32.080    1921     1139.6      398.7
  32.097    1922     1079.1      433.5
  32.114    1923     1052.6      377.1
  32.131    1924      999.1      499.1
  32.148    1925     1087.0      561.8
  32.165    1926      936.9      403.4
  32.182    1927     1037.1      576.5
  32.199    1928      989.6      503.7
  32.216    1929     1119.3      615.4
  32.234    1930     1112.6      658.5
  32.249    1931     1067.4      722.9
  32.267    1932     1099.0      667.8
  32.285    1933     1112.1      654.5
  32.303    1934     1153.5      773.9
  32.319    1935     1121.1      831.3
  32.336    1936     1180.7      769.9
  32.354    1937     1133.2      721.4
  32.371    1938     1128.7      829.7
  32.388    1939     1081.6      733.1
  32.405    1940     1096.4      709.2
  32.422    1941     1060.5      678.7
  32.438    1942     1084.3      727.3
  32.454    1943     1048.8      684.4
  32.473    1944     1054.2      682.9
  32.489    1945     1058.1      665.1
  32.506    1946     1060.6      706.4
  32.523    1947     1052.3      740.7
  32.540    1948     1092.2      699.9
  32.558    1949     1072.4      626.6
  32.574    1950     1039.6      702.3
  32.591    1951     1049.0      623.5
  32.609    1952     1036.7      650.8
  32.625    1953     1070.6      620.3
  32.643    1954     1012.5      592.2
  32.659    1955     1062.4      601.6
  32.677    1956     1023.0      650.2
  32.695    1957     1056.6      617.8
  32.715    1958     1090.2      581.0
  32.733    1959      947.7      481.1
  32.749    1960     1039.6      523.1
  32.770    1961     1044.1      537.9
  32.793    1962      994.6      628.2
  32.803    1963     1047.7      524.6
  32.819    1964     1006.5      562.4
  32.838    1965      987.7      591.4
  32.853    1966     1003.4      620.9
  32.871    1967      955.5      679.0
  32.888    1968      972.4      690.0
  32.906    1969      973.8      688.1
  32.922    1970      915.9      716.2
  32.939    1971      939.8      681.1
  32.957    1972      906.4      729.8
  32.974    1973      930.5      693.6
  32.990    1974      930.2      742.0
  33.007    1975      976.2      733.2
  33.024    1976      883.8      717.9
  33.041    1977      868.1      645.0
  33.056    1978      884.3      774.0
  33.073    1979      909.0      754.1
  33.090    1980      825.2      568.4
  33.107    1981      926.8      697.1
  33.124    1982      978.8      684.8
  33.141    1983     1015.9      679.9
  33.159    1984     1036.5      761.8
  33.175    1985     1089.8      817.0
  33.193    1986      949.3      851.7
  33.208    1987     1011.0      774.9
  33.225    1988      820.6     1054.4
  33.243    1989      889.0      980.5
  33.259    1990      914.7      871.6
  33.276    1991      965.1      895.3
  33.294    1992      997.1      832.3
  33.312    1993      973.7      863.6
  33.328    1994      777.4     1063.3
  33.345    1995      802.3     1021.6
  33.363    1996      810.8     1004.4
  33.378    1997      824.1      931.6
  33.395    1998      805.4      968.7
  33.412    1999      824.5      837.5
  33.429    2000      797.1      980.8
  33.447    2001      728.2      872.0
  33.463    2002      755.8      872.6
  33.479    2003      807.8      782.8
  33.498    2004      696.5      927.7
  33.514    2005      762.7      818.2
  33.531    2006      776.1      805.2
  33.548    2007      770.4      815.7
  33.565    2008      767.6      781.8
  33.583    2009      750.9      792.1
  33.601    2010      777.8      811.0
  33.617    2011      785.5      788.9
  33.634    2012      728.1      768.5
  33.651    2013      688.9      905.4
  33.668    2014      698.5      916.8
  33.686    2015      724.9      865.5
  33.703    2016      718.4      860.9
  33.719    2017      725.1      876.5
  33.736    2018      740.0      849.3
  33.752    2019      772.5      862.0
  33.769    2020      751.8      958.6
  33.786    2021      751.7      809.6
  33.805    2022      785.2      846.2
  33.823    2023      799.3      839.5
  33.841    2024      779.2      823.8
  33.858    2025      794.9      821.3
  33.874    2026      780.7      848.3
  33.891    2027      815.3      814.3
  33.908    2028      831.7      813.0
  33.927    2029      794.8      887.4
  33.945    2030      815.0      856.3
  33.964    2031      823.2      824.3
  33.980    2032      823.0      786.5
  34.001    2033      812.4      772.3
  34.019    2034      802.0      811.3
  34.038    2035      797.4      813.4
  34.056    2036      794.0      851.7
  34.074    2037      782.7      858.1
  34.093    2038      545.7     1161.8
  34.108    2039      727.4      775.1
  34.125    2040      811.3      720.9
  34.142    2041      733.7      711.3
  34.160    2042      732.1      717.3
  34.176    2043      706.2      751.8
  34.192    2044      698.8      701.3
  34.209    2045      697.9      652.4
  34.226    2046      640.9      721.2
  34.243    2047      690.1      670.6
  34.260    2048      669.6      694.7
  34.278    2049      692.2      664.1
  34.295    2050      617.7      637.8
  34.312    2051      635.7      645.2
  34.328    2052      634.0      612.3
  34.345    2053      670.9      676.9
  34.362    2054      670.4      606.3
  34.381    2055      665.5      634.4
  34.397    2056      670.2      603.0
  34.414    2057      668.2      626.7
  34.431    2058      661.0      593.7
  34.448    2059      681.7      595.0
  34.464    2060      676.0      558.4
  34.481    2061      645.4      587.4
  34.498    2062      665.6      603.3
  34.515    2063      623.9      567.7
  34.532    2064      682.8      637.3
  34.549    2065      660.7      596.0
  34.566    2066      668.4      606.3
  34.583    2067      680.7      573.1
  34.599    2068      689.7      629.3
  34.616    2069      641.0      634.1
  34.633    2070      665.0      627.8
  34.650    2071      613.8      655.1
  34.667    2072      635.4      655.3
  34.686    2073      529.3      726.7
  34.702    2074      550.3      629.0
  34.719    2075      644.8      663.7
  34.735    2076      623.6      627.2
  34.753    2077      629.6      690.5
  34.769    2078      636.0      640.8
  34.786    2079      662.2      702.2
  34.803    2080      623.7      694.0
  34.820    2081      623.1      615.3
  34.838    2082      668.1      675.3
  34.856    2083      669.2      689.2
  34.872    2084      656.9      699.3
  34.893    2085      653.6      711.5
  34.909    2086      612.5      668.8
  34.928    2087      633.9      714.9
  34.945    2088      289.4      237.6
  34.962    2089      617.4      702.2
  34.980    2090      606.4      660.6
  34.996    2091      620.4      763.7
  35.013    2092      686.0      731.9
  35.030    2093      598.6      671.1
  35.047    2094      604.0      672.0
  35.064    2095      670.2      693.5
  35.080    2096      616.6      612.6
  35.097    2097      604.0      680.2
  35.114    2098      639.9      650.8
  35.132    2099      613.2      602.7
  35.148    2100      599.4      718.4
  35.165    2101      571.5      665.5
  35.182    2102      613.2      727.6
  35.199    2103      673.8      738.4
  35.217    2104      639.4      738.7
  35.233    2105      656.7      715.6
  35.250    2106      639.6      715.2
  35.266    2107      630.8      726.9
  35.283    2108      646.6      728.8
  35.300    2109      629.5      770.8
  35.319    2110      646.6      759.3
  35.335    2111      601.4      762.0
  35.352    2112      613.0      788.7
  35.369    2113      619.4      713.3
  35.385    2114      642.7      785.3
  35.402    2115      582.6      797.0
  35.421    2116      566.0      766.9
  35.437    2117      613.5      730.7
  35.454    2118      587.2      734.9
  35.471    2119      555.9      734.0
  35.489    2120      541.8      785.8
  35.506    2121      584.3      777.5
  35.522    2122      583.8      707.0
  35.539    2123      563.9      781.0
  35.556    2124      562.7      784.9
  35.573    2125      524.7      760.6
  35.592    2126      523.4      766.0
  35.608    2127      529.3      729.1
  35.625    2128      493.5      730.3
  35.642    2129      525.9      759.0
  35.658    2130      482.9      740.9
  35.677    2131      479.3      760.6
  35.693    2132      474.4      726.9
  35.710    2133      540.5      793.7
  35.727    2134      462.4      782.3
  35.745    2135      514.5      776.8
  35.762    2136      509.1      789.1
  35.778    2137      487.9      748.1
  35.795    2138      562.9      753.5
  35.812    2139      487.4      717.0
  35.829    2140      516.7      782.7
  35.846    2141      505.2      692.3
  35.863    2142      439.9      776.4
  35.883    2143      451.9      768.0
  35.899    2144      437.0      744.8
  35.918    2145      424.3      703.4
  35.936    2146      441.1      731.0
  35.952    2147      423.2      786.3
  35.969    2148      449.1      687.9
  35.986    2149      442.7      788.0
  36.002    2150      429.2      728.8
  36.019    2151      414.6      733.9
  36.037    2152      -53.3     1431.0
  36.052    2153      517.5      730.4
  36.070    2154      442.5      747.0
  36.087    2155      386.4      717.8
  36.104    2156      412.6      707.1
  36.121    2157      134.6     1071.0
  36.138    2158      397.1      659.2
  36.155    2159      405.1      732.7
  36.171    2160      481.7      667.1
  36.188    2161      420.5      726.4
  36.205    2162      470.7      666.3
  36.222    2163      125.5      975.8
  36.241    2164      155.5     1016.0
  36.257    2165      222.8     1000.7
  36.274    2166      411.0      620.9
  36.291    2167      238.6      928.2
  36.307    2168      405.5      689.7
  36.324    2169      170.1      930.4
  36.340    2170      430.8      680.2
  36.358    2171      167.4      948.1
  36.375    2172      177.9     1007.5
  36.392    2173      219.2     1021.6
  36.409    2174      375.1      714.2
  36.426    2175      184.0      902.9
  36.442    2176      129.7     1012.1
  36.460    2177      123.3      970.3
  36.476    2178      316.4      756.8
  36.493    2179      132.0      505.9
  36.511    2180      400.5      731.5
  36.528    2181      383.8      731.6
  36.544    2182      -70.9      802.5
  36.562    2183      -12.6      780.9
  36.578    2184       68.4     1303.9
  36.597    2185      295.3     1001.1
  36.613    2186     -222.1      874.6
  36.630    2187       57.7     1368.1
  36.647    2188       22.5     1210.8
  36.662    2189      132.9     1272.4
  36.682    2190      104.2     1267.3
  36.698    2191        5.6     1152.7
  36.717    2192       63.2     1221.7
  36.733    2193       70.0     1216.5
  36.750    2194       42.0     1228.1
  36.768    2195      147.2     1095.2
  36.786    2196       96.0     1148.7
  36.803    2197      177.2     1062.7
  36.820    2198       87.5     1036.1
  36.836    2199      137.1      973.5
  36.855    2200       72.5      912.1
  36.870    2201       78.4      919.9
  36.887    2202      219.7      951.7
  36.903    2203      152.2      950.6
  36.920    2204      143.5     1075.2
  36.937    2205      189.5     1035.5
  36.954    2206      119.6      943.4
  36.972    2207      140.6      962.5
  36.988    2208      207.7      884.3
  37.005    2209      327.5     1048.9
  37.022    2210      188.4      935.8
  37.039    2211       84.7      976.2
  37.056    2212      206.3      836.5
  37.074    2213      175.1      940.5
  37.091    2214      170.4      818.7
  37.107    2215      154.6      776.6
  37.124    2216      102.7      665.1
  37.141    2217      109.0      589.4
  37.158    2218        8.5      535.7
  37.174    2219       31.6      581.8
  37.190    2220       42.8      563.0
  37.207    2221     -221.9      189.1
  37.224    2222     -142.0      342.2
  37.242    2223     -184.2      285.8
  37.261    2224     -140.3      289.0
  37.277    2225     -183.0      249.4
  37.294    2226     -168.5      205.3
  37.314    2227     -155.2      231.4
  37.334    2228     -170.4      219.4
  37.354    2229     -180.5      240.6
  37.372    2230     -192.2      224.9
  37.394    2231     -200.7      213.6
  37.414    2232     -182.8      220.2
  37.435    2233     -195.5      203.2
  37.452    2234     -256.6      572.2
  37.469    2235      -92.5      438.7
  37.486    2236     -170.8      501.2
  37.502    2237     -262.2      752.3
  37.521    2238     -234.2      722.7
  37.537    2239     -122.0      561.5
  37.554    2240      -57.4      645.9
  37.570    2241      -60.3      699.9
  37.587    2242      -62.0      663.1
  37.603    2243      -38.0      681.8
  37.620    2244      -84.9      663.3
  37.637    2245     -120.5      640.2
  37.654    2246     -101.5      615.2
  37.672    2247     -103.2      700.3
  37.689    2248      -69.3      602.1
  37.706    2249     -117.1      725.5
  37.723    2250     -103.2      770.9
  37.741    2251      -72.0      795.2
  37.757    2252        6.4      742.5
  37.773    2253      -30.5      744.1
  37.790    2254       10.1      820.1
  37.810    2255      -81.2      764.4
  37.825    2256        6.9      808.0
  37.842    2257       19.9      807.0
  37.859    2258      -57.0      834.3
  37.876    2259      -34.9      888.9
  37.893    2260      -98.4      779.1
  37.911    2261     -111.3      705.5
  37.927    2262     -202.4      632.1
  37.944    2263     -167.3      518.3
  37.961    2264     -181.0      517.1
  37.977    2265     -261.6      526.5
  37.994    2266     -263.3      541.8
  38.012    2267     -138.8      632.9
  38.027    2268     -124.8      659.6
  38.045    2269      -30.4      653.3
  38.062    2270     -217.3      559.0
  38.079    2271      -55.6      636.8
  38.096    2272      -98.8      484.3
  38.113    2273     -201.5      556.7
  38.130    2274     -234.3      474.6
  38.147    2275     -194.4      554.2
  38.163    2276      -70.7      677.0
  38.179    2277     -376.6      323.6
  38.196    2278     -259.3      453.9
  38.213    2279     -160.7      628.7
  38.230    2280     -110.2      610.5
  38.247    2281     -228.2      499.7
  38.265    2282      -17.7      819.5
  38.283    2283     -483.6      172.7
  38.301    2284     -151.8      607.6
  38.317    2285     -497.0      174.5
  38.334    2286     -430.0      230.4
  38.351    2287     -178.1      562.2
  38.367    2288     -212.4      495.9
  38.384    2289     -225.5      506.4
  38.401    2290     -192.1      543.5
  38.418    2291     -200.3      464.0
  38.434    2292     -100.7      639.3
  38.451    2293     -106.1      732.4
  38.469    2294      -90.4      683.6
  38.486    2295        3.7      734.1
  38.503    2296      -59.8      775.8
  38.520    2297       57.1      821.3
  38.536    2298       70.0      842.0
  38.553    2299       57.4      860.5
  38.569    2300      114.7      867.8
  38.585    2301      154.7      874.9
  38.602    2302      133.7      893.8
  38.619    2303     -537.6       61.7
  38.636    2304      149.4      935.7
  38.653    2305     -200.3      460.9
  38.671    2306      172.6      894.8
  38.688    2307      111.8      965.3
  38.706    2308      122.9      957.0
  38.722    2309       89.3      855.4
  38.739    2310      120.4      820.3
  38.756    2311       44.7      843.5
  38.774    2312     -280.3      350.3
  38.791    2313     -245.5      293.6
  38.808    2314      167.6      739.0
  38.826    2315      159.1      761.1
  38.844    2316      109.5      694.8
  38.860    2317        1.4      776.8
  38.878    2318       49.1      767.6
  38.897    2319       46.6      713.6
  38.913    2320       46.5      751.8
  38.930    2321      -13.8      807.8
  38.947    2322        8.4      710.0
  38.963    2323       19.5      767.6
  38.979    2324       55.2      746.2
  38.996    2325       65.7      759.4
  39.013    2326       33.7      816.4
  39.030    2327       60.7      757.0
  39.047    2328       38.5      783.0
  39.066    2329       49.7      748.0
  39.084    2330       47.2      744.6
  39.102    2331       61.6      771.9
  39.118    2332       67.2      796.5
  39.134    2333      -60.3      723.8
  39.151    2334      -78.7      853.5
  39.167    2335      -80.1      862.4
  39.184    2336      -67.1      778.3
  39.201    2337     -114.7      741.5
  39.218    2338     -184.7      842.0
  39.234    2339     -190.0      827.2
  39.251    2340     -197.5      775.0
  39.269    2341     -237.2      672.5
  39.286    2342     -231.4      690.8
  39.303    2343     -234.7      671.9
  39.320    2344     -227.3      675.8
  39.338    2345     -231.8      636.4
  39.355    2346     -258.5      578.4
  39.372    2347     -229.8      608.9
  39.388    2348     -150.0      532.2
  39.408    2349     -172.1      585.6
  39.425    2350     -263.7      513.2
  39.443    2351     -266.1      526.8
  39.460    2352     -261.5      611.4
  39.479    2353     -253.0      614.7
  39.495    2354     -372.9      587.7
  39.514    2355     -405.2      535.7
  39.532    2356     -373.3      595.2
  39.551    2357     -362.6      567.5
  39.569    2358     -426.9      506.7
  39.587    2359     -392.4      484.5
  39.605    2360     -650.1      207.5
  39.621    2361     -220.1      484.3
  39.639    2362     -249.0      395.8
  39.656    2363     -513.1      545.7
  39.673    2364     -572.8      466.0
  39.690    2365     -446.9     1271.3
  39.706    2366     -524.2     1327.2
  39.723    2367     -300.0     1039.2
  39.740    2368     -380.5     1009.0
  39.757    2369     -562.6     1144.5
  39.775    2370     -436.9     1080.2
  39.792    2371     -338.5      878.6
  39.809    2372     -370.0      991.5
  39.825    2373     -318.4      857.7
  39.842    2374     -267.7      847.0
  39.859    2375     -212.5      920.6
  39.875    2376     -234.3      855.2
  39.894    2377     -161.7      827.6
  39.911    2378     -204.9      858.7
  39.928    2379     -180.9      830.5
  39.944    2380     -250.7      838.9
  39.965    2381     -241.0      909.9
  39.984    2382     -651.7      353.0
  40.002    2383     -605.9      373.6
  40.019    2384     -259.3      868.9
  40.039    2385     -271.4      852.7
  40.058    2386     -369.3      722.1
  40.077    2387     -440.3      820.7
  40.094    2388     -461.5      874.8
  40.115    2389     -474.7      857.1
  40.135    2390     -473.3      883.3
  40.153    2391     -369.7      713.7
  40.171    2392     -428.6      816.4
  40.191    2393     -435.0      832.2
  40.210    2394     -428.2      809.1
  40.230    2395     -433.2      778.0
  40.248    2396     -402.5      767.8
  40.269    2397     -403.9      766.0
  40.288    2398     -352.3      700.8
  40.309    2399     -345.7      709.6
  40.329    2400     -336.3      672.4
  40.347    2401     -406.7      780.4
  40.364    2402     -367.5      728.1
  40.381    2403     -369.1      730.2
  40.397    2404     -427.6      767.4
  40.414    2405     -375.4      788.2
  40.431    2406     -349.8      789.1
  40.448    2407     -344.9      754.6
  40.465    2408     -323.6      776.1
  40.483    2409     -336.1      739.1
  40.500    2410     -356.7      814.9
  40.516    2411     -358.6      804.6
  40.533    2412     -374.3      786.8
  40.550    2413     -348.5      766.4
  40.566    2414     -297.3      813.0
  40.584    2415     -312.7      819.8
  40.600    2416     -313.3      781.1
  40.617    2417     -367.7      764.5
  40.635    2418     -332.1      706.9
  40.655    2419     -333.1      718.4
  40.674    2420     -375.6      778.8
  40.690    2421     -312.0      762.1
  40.707    2422     -324.2      758.7
  40.725    2423     -349.0      788.0
[ROBOT] Đã dừng điều khiển xe.

[✓] Dừng. 2423 frames. Log → ls_log.csv
