Standard EKF — UWB Realtime
  Q=0.01 mm²   R=50.0 mm²
  Anchors : ['0x1001', '0x1002', '0x1003', '0x1004']
  Height  : 1400.0 mm

Đang kết nối /dev/serial/by-id/usb-SEGGER_J-Link_000760192143-if00 @ 921600...
OK. Đang chờ dữ liệu... (Ctrl+C để dừng)

[ROBOT] Đã kết nối STM32 @ /dev/serial/by-id/usb-STMicroelectronics_BLUEPILL_F103C8_CDC_in_FS_Mode_498E169E3634-if00. Điều khiển xe bắt đầu.
 Time(s)   Frame      X(mm)      Y(mm)
----------------------------------------
[EKF] init  x=63.0  y=4257.5
   0.002       1      119.0     4077.7
   0.005       2      116.5     4076.8
   0.008       3      137.9     4080.3
   0.011       4      136.2     4077.3
   0.013       5      140.6     4081.8
   0.016       6      140.1     4085.1
   0.019       7      141.2     4081.9
   0.022       8      138.6     4079.1
   0.025       9      139.3     4080.7
   0.028      10      138.8     4082.7
   0.031      11      141.2     4082.7
   0.034      12      137.8     4080.4
   0.036      13      140.4     4082.8
   0.039      14      138.9     4083.1
   0.042      15      141.2     4084.9
   0.045      16      141.0     4082.7
   0.048      17      141.1     4082.5
   0.051      18      141.8     4083.5
   0.054      19      140.8     4084.6
   0.056      20      138.9     4081.3
   0.059      21      138.9     4080.6
   0.062      22      138.2     4080.4
   0.065      23      138.2     4080.3
   0.068      24      138.1     4081.8
   0.070      25      138.6     4082.4
   0.073      26      139.4     4083.0
   0.076      27      140.0     4083.3
   0.079      28      142.0     4085.8
   0.082      29      141.7     4085.4
   0.085      30      142.7     4085.4
   0.087      31      143.8     4085.6
   0.090      32      143.2     4086.3
   0.093      33      142.9     4086.3
   0.096      34      143.5     4086.5
   0.099      35      141.7     4085.1
   0.102      36      142.0     4085.6
   0.104      37      142.1     4085.7
   0.107      38      142.6     4086.0
   0.110      39      143.8     4086.6
   0.113      40      143.3     4087.6
   0.116      41      143.3     4087.9
   0.118      42      142.5     4087.3
   0.121      43      143.5     4087.3
   0.124      44      143.1     4086.8
   0.127      45      143.1     4086.9
   0.130      46      143.1     4085.9
   0.132      47      143.1     4085.5
   0.135      48      142.3     4085.2
   0.138      49      142.7     4084.4
   0.141      50      143.8     4085.3
   0.144      51      144.0     4085.4
   0.146      52      145.1     4084.9
   0.149      53      145.7     4084.2
   0.152      54      146.2     4084.8
   0.155      55      145.1     4084.0
   0.158      56      145.6     4084.2
   0.161      57      145.9     4084.1
   0.163      58      146.6     4084.5
   0.166      59      145.3     4085.1
   0.169      60      146.2     4084.8
   0.172      61      145.8     4084.6
   0.175      62      145.9     4084.3
   0.178      63      145.3     4084.7
   0.180      64      144.8     4084.1
   0.185      65      144.9     4083.8
   0.195      66      145.2     4084.7
   0.212      67      145.9     4085.0
   0.228      68      146.6     4085.5
   0.245      69      146.8     4084.7
   0.262      70      147.2     4083.3
   0.279      71      147.8     4082.6
   0.296      72      147.7     4081.4
   0.313      73      149.0     4080.2
   0.330      74      149.6     4079.5
   0.347      75      150.5     4078.5
   0.363      76      150.4     4078.3
   0.380      77      151.2     4077.9
   0.397      78      152.3     4078.3
   0.414      79      153.2     4078.0
   0.431      80      153.8     4077.4
   0.450      81      154.4     4076.5
   0.466      82      155.2     4075.5
   0.483      83      155.2     4075.0
   0.499      84      156.4     4074.5
   0.516      85      157.2     4073.6
   0.533      86      157.1     4073.1
   0.550      87      158.6     4073.4
   0.567      88      159.9     4073.4
   0.584      89      160.1     4073.7
   0.601      90      161.5     4073.8
   0.619      91      162.0     4073.8
   0.635      92      162.7     4074.1
   0.652      93      163.0     4074.7
   0.668      94      163.8     4075.8
   0.685      95      164.9     4075.2
   0.702      96      166.1     4074.3
   0.719      97      167.4     4073.6
   0.737      98      168.5     4073.0
   0.754      99      169.4     4073.6
   0.770     100      170.7     4072.5
   0.787     101      172.1     4071.8
   0.804     102      173.7     4071.6
   0.821     103      175.5     4071.5
   0.838     104      176.8     4071.4
   0.855     105      178.5     4071.6
   0.872     106      180.3     4071.2
   0.889     107      181.4     4071.2
   0.905     108      182.3     4071.6
   0.922     109      183.2     4071.1
   0.939     110      183.8     4071.9
   0.956     111      185.1     4071.7
   0.973     112      186.6     4071.5
   0.990     113      188.5     4072.2
   1.007     114      190.4     4072.3
   1.024     115      191.9     4072.9
   1.041     116      193.6     4073.5
   1.057     117      195.1     4074.5
   1.073     118      196.8     4075.3
   1.090     119      197.9     4076.0
   1.107     120      199.1     4076.8
   1.124     121      201.3     4077.2
   1.141     122      202.8     4077.6
   1.158     123      203.5     4078.2
   1.175     124      205.5     4079.6
   1.191     125      206.8     4081.1
   1.208     126      208.8     4082.3
   1.225     127      210.9     4083.2
   1.242     128      211.7     4084.3
   1.261     129      212.6     4085.2
   1.277     130      214.5     4086.0
   1.294     131      216.1     4086.4
   1.311     132      217.0     4086.8
   1.327     133      219.0     4087.0
   1.344     134      220.9     4087.0
   1.361     135      222.9     4086.3
   1.378     136      224.7     4085.5
   1.395     137      226.6     4083.5
   1.412     138      228.4     4081.7
   1.429     139      229.2     4079.7
   1.446     140      230.7     4078.2
   1.462     141      232.5     4076.9
   1.479     142      233.7     4074.8
   1.496     143      235.0     4074.4
   1.513     144      236.4     4074.0
   1.530     145      238.4     4074.3
   1.547     146      240.2     4073.4
   1.564     147      242.4     4073.4
   1.580     148      244.4     4074.1
   1.598     149      246.5     4074.7
   1.613     150      248.9     4076.3
   1.630     151      250.5     4076.6
   1.648     152      253.0     4078.3
   1.664     153      255.6     4079.8
   1.681     154      258.1     4081.6
   1.699     155      259.7     4082.7
   1.716     156      261.7     4083.8
   1.733     157      264.4     4084.8
   1.752     158      266.7     4086.3
   1.767     159      268.9     4087.3
   1.786     160      271.1     4088.1
   1.803     161      272.9     4089.1
   1.819     162      275.5     4089.6
   1.836     163      277.8     4089.8
   1.853     164      280.2     4090.0
   1.870     165      282.8     4090.0
   1.886     166      283.4     4090.5
   1.903     167      286.1     4090.7
   1.920     168      289.1     4091.1
   1.937     169      290.5     4090.9
   1.955     170      293.3     4090.8
   1.971     171      295.4     4091.6
   1.988     172      298.0     4091.4
   2.004     173      300.5     4091.4
   2.021     174      302.2     4090.6
   2.041     175      304.8     4090.4
   2.056     176      305.8     4090.0
   2.074     177      307.9     4090.0
   2.090     178      309.0     4089.4
   2.108     179      311.2     4089.3
   2.124     180      313.1     4088.9
   2.140     181      314.9     4088.4
   2.157     182      317.5     4088.8
   2.174     183      319.3     4088.1
   2.191     184      319.8     4088.6
   2.208     185      321.8     4088.8
   2.225     186      323.7     4088.4
   2.242     187      326.4     4087.5
   2.260     188      328.2     4086.9
   2.276     189      330.0     4086.5
   2.293     190      331.6     4086.4
   2.310     191      333.4     4086.4
   2.327     192      335.9     4085.9
   2.344     193      338.2     4085.8
   2.361     194      340.9     4085.9
   2.378     195      342.9     4086.2
   2.396     196      344.3     4085.4
   2.412     197      346.5     4084.9
   2.429     198      349.4     4084.7
   2.446     199      351.7     4085.1
   2.463     200      354.9     4084.5
   2.482     201      357.5     4083.9
   2.498     202      359.3     4083.5
   2.515     203      361.6     4082.7
   2.532     204      363.8     4081.9
   2.548     205      366.9     4081.3
   2.565     206      369.4     4081.0
   2.582     207      371.0     4080.7
   2.601     208      373.4     4081.2
   2.617     209      376.4     4081.3
   2.634     210      379.5     4080.2
   2.651     211      382.0     4079.7
   2.667     212      384.1     4080.5
   2.684     213      387.5     4080.8
   2.701     214      390.1     4080.4
   2.718     215      392.7     4080.1
   2.737     216      394.8     4080.6
   2.755     217      397.4     4080.3
   2.772     218      400.4     4080.5
   2.789     219      402.7     4081.5
   2.806     220      405.4     4082.3
   2.822     221      408.6     4082.7
   2.839     222      411.5     4083.5
   2.855     223      413.6     4084.2
   2.872     224      416.2     4084.5
   2.889     225      419.1     4085.6
   2.906     226      422.9     4086.1
   2.923     227      425.8     4087.1
   2.940     228      428.0     4087.9
   2.956     229      431.2     4087.5
   2.973     230      434.0     4087.5
   2.990     231      437.0     4087.8
   3.007     232      440.1     4088.5
   3.024     233      442.4     4090.5
   3.041     234      445.1     4091.9
   3.059     235      447.2     4093.0
   3.077     236      449.0     4092.6
   3.093     237      451.3     4093.5
   3.110     238      453.6     4094.2
   3.127     239      456.3     4094.5
   3.144     240      457.7     4095.7
   3.161     241      459.6     4096.0
   3.178     242      461.0     4096.3
   3.195     243      462.1     4097.6
   3.213     244      462.9     4097.4
   3.231     245      464.9     4097.2
   3.247     246      466.6     4096.3
   3.264     247      468.5     4095.9
   3.281     248      470.7     4095.6
   3.299     249      472.4     4093.5
   3.316     250      474.4     4092.6
   3.332     251      476.4     4091.8
   3.349     252      478.3     4091.2
   3.366     253      479.6     4090.1
   3.383     254      481.1     4090.3
   3.400     255      481.9     4090.0
   3.417     256      483.1     4088.8
   3.436     257      484.4     4088.2
   3.451     258      486.6     4087.8
   3.469     259      488.3     4086.7
   3.487     260      489.5     4085.4
   3.503     261      492.1     4086.2
   3.520     262      494.0     4085.7
   3.537     263      495.8     4085.5
   3.555     264      497.4     4084.9
   3.572     265      499.7     4084.1
   3.588     266      502.0     4083.2
   3.605     267      505.1     4085.8
   3.622     268      507.7     4088.0
   3.639     269      510.2     4089.9
   3.656     270      512.3     4091.6
   3.672     271      514.3     4092.3
   3.689     272      515.4     4093.2
   3.706     273      517.3     4094.6
   3.722     274      520.3     4096.4
   3.739     275      522.2     4097.5
   3.756     276      525.9     4103.5
   3.773     277      528.7     4105.3
   3.790     278      531.5     4107.3
   3.807     279      534.5     4109.7
   3.824     280      538.3     4116.0
   3.841     281      541.2     4118.7
   3.857     282      544.4     4121.7
   3.874     283      547.7     4126.9
   3.892     284      549.8     4125.9
   3.908     285      552.6     4126.4
   3.926     286      555.6     4130.6
   3.944     287      559.6     4138.7
   3.960     288      561.5     4138.1
   3.977     289      563.7     4137.8
   3.995     290      566.3     4137.4
   4.011     291      568.8     4137.4
   4.028     292      570.7     4136.9
   4.045     293      573.4     4135.7
   4.062     294      575.2     4134.3
   4.079     295      577.6     4132.5
   4.096     296      580.6     4130.5
   4.113     297      582.9     4127.4
   4.133     298      585.1     4124.2
   4.149     299      587.4     4127.0
   4.166     300      590.9     4129.2
   4.183     301      593.0     4129.8
   4.200     302      595.8     4131.3
   4.217     303      600.0     4137.0
   4.233     304      603.4     4139.6
   4.250     305      606.7     4142.5
   4.267     306      610.7     4148.0
   4.284     307      614.1     4151.8
   4.301     308      619.0     4157.5
   4.318     309      623.7     4160.1
   4.335     310      627.3     4162.0
   4.352     311      630.9     4163.2
   4.369     312      634.0     4163.5
   4.385     313      637.8     4164.1
   4.404     314      641.2     4163.9
   4.422     315      645.5     4164.0
   4.438     316      649.0     4163.1
   4.455     317      652.0     4162.2
   4.472     318      655.0     4161.5
   4.490     319      658.1     4160.7
   4.508     320      662.2     4159.4
   4.524     321      665.2     4158.5
   4.543     322      667.8     4158.1
   4.558     323      671.8     4157.3
   4.576     324      675.2     4156.7
   4.593     325      678.6     4155.6
   4.611     326      681.4     4154.6
   4.627     327      684.8     4153.9
   4.644     328      688.5     4153.8
   4.662     329      692.1     4153.0
   4.678     330      695.3     4152.1
   4.695     331      697.6     4151.6
   4.712     332      701.0     4151.1
   4.729     333      704.2     4151.7
   4.745     334      706.3     4151.1
   4.762     335      708.8     4151.7
   4.779     336      711.9     4152.2
   4.796     337      714.9     4152.8
   4.813     338      717.7     4152.7
   4.831     339      721.0     4152.7
   4.848     340      723.9     4153.2
   4.866     341      726.4     4153.9
   4.882     342      729.8     4155.7
   4.899     343      732.9     4157.4
   4.916     344      735.3     4156.9
   4.933     345      738.0     4156.5
   4.951     346      740.9     4155.9
   4.968     347      743.8     4154.7
   4.985     348      745.0     4153.3
   5.001     349      748.4     4151.7
   5.020     350      751.0     4149.9
   5.039     351      753.2     4148.2
   5.056     352      755.0     4146.3
   5.073     353      757.7     4145.7
   5.091     354      760.3     4145.4
   5.107     355      763.3     4145.4
   5.124     356      766.4     4145.7
   5.141     357      768.9     4145.1
   5.158     358      771.6     4145.7
   5.175     359      773.4     4146.4
   5.192     360      776.2     4146.5
   5.209     361      778.9     4147.6
   5.226     362      781.3     4148.4
   5.242     363      783.8     4148.5
   5.259     364      786.3     4148.8
   5.276     365      790.5     4149.6
   5.293     366      793.6     4149.9
   5.310     367      796.2     4149.6
   5.327     368      799.3     4149.9
   5.344     369      802.7     4151.2
   5.362     370      805.5     4151.6
   5.380     371      808.8     4152.8
   5.395     372      811.8     4152.4
   5.413     373      815.2     4152.7
   5.430     374      817.7     4154.1
   5.447     375      822.1     4155.4
   5.464     376      825.6     4156.3
   5.480     377      829.2     4157.3
   5.497     378      832.9     4158.7
   5.513     379      835.4     4159.8
   5.530     380      838.5     4160.8
   5.547     381      841.7     4161.5
   5.564     382      843.8     4162.5
   5.581     383      846.8     4163.5
   5.599     384      849.3     4164.3
   5.616     385      852.4     4166.2
   5.632     386      856.0     4167.3
   5.649     387      858.8     4169.3
   5.666     388      861.8     4170.5
   5.683     389      864.5     4171.9
   5.702     390      867.2     4173.3
   5.718     391      870.8     4175.2
   5.735     392      873.9     4176.9
   5.752     393      877.2     4179.0
   5.768     394      881.1     4181.1
   5.785     395      883.7     4181.8
   5.802     396      887.8     4181.8
   5.819     397      890.8     4183.1
   5.838     398      893.3     4184.1
   5.854     399      895.5     4185.5
   5.871     400      898.4     4186.7
   5.887     401      901.7     4187.0
   5.904     402      904.5     4188.7
   5.921     403      907.0     4188.9
   5.938     404      908.9     4189.6
   5.955     405      910.2     4190.3
   5.972     406      913.2     4190.8
   5.989     407      915.6     4191.4
   6.006     408      917.9     4192.6
   6.023     409      919.5     4193.3
   6.039     410      921.6     4195.0
   6.056     411      923.2     4196.8
   6.073     412      925.9     4200.5
   6.090     413      928.6     4207.0
   6.109     414      931.9     4213.6
   6.125     415      934.7     4217.5
   6.142     416      936.9     4220.5
   6.159     417      940.0     4224.1
   6.175     418      942.0     4227.0
   6.192     419      944.5     4229.3
   6.209     420      947.5     4232.3
   6.226     421      950.4     4234.6
   6.243     422      954.0     4236.3
   6.261     423      957.5     4237.1
   6.279     424      961.1     4238.9
   6.295     425      964.2     4239.0
   6.314     426      967.9     4239.4
   6.330     427      970.9     4240.1
   6.349     428      973.9     4240.4
   6.366     429      977.5     4241.4
   6.383     430      980.5     4241.5
   6.400     431      984.3     4244.6
   6.416     432      987.2     4244.9
   6.432     433      992.4     4252.3
   6.450     434      995.9     4255.9
   6.466     435     1000.4     4262.0
   6.483     436     1005.7     4268.3
   6.500     437     1010.5     4274.0
   6.517     438     1015.1     4279.7
   6.535     439     1019.8     4285.1
   6.551     440     1023.9     4288.9
   6.568     441     1027.7     4293.1
   6.585     442     1031.9     4296.0
   6.602     443     1036.2     4298.7
   6.619     444     1040.3     4300.9
   6.636     445     1044.6     4302.9
   6.653     446     1048.0     4303.8
   6.670     447     1051.5     4304.2
   6.688     448     1055.8     4304.6
   6.704     449     1061.0     4310.1
   6.721     450     1064.3     4311.3
   6.740     451     1068.2     4313.8
   6.756     452     1072.5     4315.3
   6.773     453     1078.1     4321.3
   6.790     454     1083.5     4326.1
   6.806     455     1088.1     4330.6
   6.823     456     1092.8     4335.0
   6.840     457     1097.6     4339.7
   6.857     458     1102.3     4343.7
   6.874     459     1106.4     4347.9
   6.891     460     1111.1     4351.2
   6.909     461     1115.5     4354.7
   6.926     462     1119.9     4357.1
   6.942     463     1124.2     4359.8
   6.959     464     1128.3     4362.4
   6.976     465     1133.0     4364.4
   6.993     466     1137.1     4366.0
   7.010     467     1141.2     4366.8
   7.027     468     1145.3     4368.3
   7.044     469     1148.7     4368.7
   7.061     470     1151.6     4369.4
   7.077     471     1155.3     4370.1
   7.094     472     1158.4     4369.8
   7.111     473     1161.6     4369.7
   7.128     474     1165.0     4368.6
   7.145     475     1168.2     4367.7
   7.162     476     1172.2     4367.2
   7.179     477     1176.0     4367.5
   7.196     478     1179.9     4368.2
   7.214     479     1183.5     4368.8
   7.230     480     1187.9     4373.7
   7.247     481     1192.9     4376.8
   7.264     482     1197.5     4378.8
   7.281     483     1203.1     4382.4
   7.298     484     1208.1     4386.8
   7.315     485     1212.9     4391.0
   7.332     486     1218.2     4393.2
   7.348     487     1223.5     4397.1
   7.365     488     1228.4     4399.9
   7.382     489     1231.2     4397.7
   7.399     490     1233.3     4393.6
   7.419     491     1236.7     4389.7
   7.436     492     1239.3     4385.4
   7.453     493     1241.0     4380.8
   7.471     494     1243.8     4376.2
   7.487     495     1245.8     4371.1
   7.504     496     1248.1     4366.2
   7.521     497     1249.9     4362.5
   7.538     498     1251.9     4358.0
   7.555     499     1254.0     4353.8
   7.572     500     1256.3     4349.5
   7.588     501     1258.8     4345.0
   7.605     502     1260.0     4340.5
   7.622     503     1261.7     4337.6
   7.639     504     1263.9     4334.4
   7.656     505     1266.5     4331.5
   7.673     506     1270.2     4329.2
   7.690     507     1273.3     4327.4
   7.707     508     1275.5     4324.1
   7.723     509     1278.4     4323.5
   7.740     510     1281.3     4321.7
   7.757     511     1284.9     4321.8
   7.774     512     1287.4     4320.0
   7.791     513     1289.7     4319.2
   7.808     514     1292.0     4318.5
   7.825     515     1295.2     4317.4
   7.842     516     1298.0     4318.5
   7.859     517     1300.6     4317.4
   7.875     518     1303.3     4317.1
   7.892     519     1304.8     4316.1
   7.909     520     1307.3     4315.0
   7.926     521     1309.6     4314.1
   7.943     522     1311.9     4311.9
   7.959     523     1313.8     4310.7
   7.976     524     1316.1     4309.4
   7.993     525     1318.2     4308.4
   8.009     526     1320.0     4305.8
   8.026     527     1321.4     4302.9
   8.043     528     1323.3     4300.4
   8.060     529     1324.5     4297.1
   8.077     530     1326.8     4294.0
   8.094     531     1329.1     4291.3
   8.112     532     1330.9     4287.9
   8.129     533     1332.5     4285.2
   8.145     534     1334.1     4282.5
   8.162     535     1335.1     4278.9
   8.181     536     1336.4     4277.1
   8.197     537     1338.5     4273.9
   8.214     538     1341.1     4270.9
   8.231     539     1343.2     4268.5
   8.248     540     1345.3     4265.7
   8.265     541     1346.5     4262.9
   8.281     542     1348.6     4261.2
   8.298     543     1351.2     4259.2
   8.315     544     1353.3     4256.8
   8.332     545     1356.0     4255.3
   8.349     546     1357.7     4254.4
   8.366     547     1360.0     4252.9
   8.383     548     1362.5     4251.5
   8.400     549     1365.2     4249.7
   8.416     550     1367.5     4248.7
   8.433     551     1370.3     4247.3
   8.450     552     1373.1     4246.3
   8.467     553     1375.1     4244.4
   8.484     554     1377.9     4243.1
   8.501     555     1379.8     4242.1
   8.518     556     1382.7     4241.2
   8.535     557     1385.7     4239.9
   8.551     558     1388.4     4239.4
   8.568     559     1391.4     4239.3
   8.585     560     1394.7     4238.2
   8.602     561     1397.2     4236.9
   8.619     562     1400.2     4236.6
   8.636     563     1403.5     4236.3
   8.653     564     1406.3     4235.0
   8.670     565     1409.0     4234.7
   8.687     566     1411.7     4233.9
   8.703     567     1414.6     4232.9
   8.720     568     1417.1     4231.7
   8.737     569     1418.8     4230.2
   8.754     570     1422.1     4228.6
   8.771     571     1423.8     4225.9
   8.788     572     1425.7     4223.7
   8.805     573     1427.7     4222.1
   8.822     574     1428.7     4220.0
   8.838     575     1430.4     4216.8
   8.855     576     1431.6     4213.5
   8.872     577     1433.3     4209.2
   8.889     578     1435.9     4211.0
   8.906     579     1438.5     4210.9
   8.923     580     1441.5     4212.3
   8.940     581     1445.9     4217.7
   8.957     582     1451.0     4222.7
   8.973     583     1455.6     4227.7
   8.990     584     1460.0     4232.2
   9.009     585     1464.8     4236.9
   9.025     586     1469.1     4239.9
   9.042     587     1473.4     4243.4
   9.059     588     1476.3     4246.4
   9.076     589     1479.9     4249.1
   9.093     590     1483.2     4252.7
   9.109     591     1486.3     4255.7
   9.126     592     1489.9     4258.7
   9.143     593     1493.2     4261.6
   9.160     594     1496.1     4263.3
   9.177     595     1499.4     4265.1
   9.194     596     1502.8     4267.1
   9.211     597     1505.9     4268.7
   9.228     598     1508.7     4269.8
   9.244     599     1511.4     4270.5
   9.261     600     1512.8     4269.9
   9.278     601     1515.4     4270.4
   9.295     602     1517.7     4269.0
   9.312     603     1520.1     4267.7
   9.329     604     1522.2     4266.9
   9.346     605     1524.2     4265.5
   9.363     606     1527.2     4266.9
   9.379     607     1529.6     4267.0
   9.396     608     1533.3     4267.9
   9.412     609     1535.8     4268.3
   9.430     610     1538.5     4268.5
   9.447     611     1542.7     4273.2
   9.466     612     1547.2     4278.0
   9.481     613     1551.1     4282.5
   9.499     614     1555.6     4287.1
   9.515     615     1558.4     4286.8
   9.532     616     1561.0     4286.8
   9.550     617     1563.0     4286.9
   9.567     618     1566.1     4287.0
   9.584     619     1569.6     4291.2
   9.601     620     1573.9     4294.8
   9.617     621     1577.3     4299.8
   9.634     622     1581.2     4303.6
   9.650     623     1584.7     4304.7
   9.667     624     1587.8     4303.1
   9.684     625     1589.7     4301.4
   9.701     626     1591.8     4300.6
   9.718     627     1593.3     4299.6
   9.735     628     1594.9     4298.3
   9.752     629     1597.2     4298.0
   9.769     630     1599.0     4296.4
   9.785     631     1602.1     4296.6
   9.802     632     1603.9     4294.7
   9.819     633     1604.9     4294.4
   9.836     634     1606.7     4293.6
   9.855     635     1608.8     4293.3
   9.872     636     1611.3     4293.5
   9.890     637     1612.9     4293.3
   9.908     638     1614.6     4293.1
   9.924     639     1617.0     4293.1
   9.941     640     1619.8     4293.5
   9.958     641     1621.9     4294.2
   9.975     642     1623.9     4295.0
   9.992     643     1626.7     4295.6
  10.009     644     1629.3     4296.2
  10.026     645     1632.4     4296.7
  10.043     646     1634.9     4297.3
  10.058     647     1637.3     4297.9
  10.076     648     1639.8     4299.3
  10.092     649     1642.8     4300.1
  10.111     650     1645.3     4301.9
  10.127     651     1649.0     4303.3
  10.144     652     1651.4     4304.3
  10.162     653     1654.7     4305.6
  10.178     654     1657.6     4307.3
  10.196     655     1660.1     4308.5
  10.212     656     1662.2     4310.9
  10.229     657     1664.6     4313.4
  10.246     658     1666.8     4315.5
  10.263     659     1669.6     4318.0
  10.280     660     1672.1     4319.7
  10.297     661     1675.0     4322.0
  10.313     662     1678.2     4324.0
  10.332     663     1681.2     4326.1
  10.348     664     1683.8     4329.0
  10.365     665     1686.2     4331.7
  10.382     666     1688.6     4333.6
  10.399     667     1691.7     4335.2
  10.416     668     1696.1     4336.3
  10.434     669     1700.0     4336.7
  10.450     670     1704.7     4337.6
  10.467     671     1709.1     4337.5
  10.484     672     1713.2     4337.8
  10.501     673     1717.4     4337.4
  10.519     674     1721.5     4336.4
  10.536     675     1719.8     4343.6
  10.553     676     1724.0     4343.6
  10.569     677     1727.5     4343.4
  10.586     678     1731.7     4343.2
  10.603     679     1735.0     4343.3
  10.620     680     1738.6     4343.0
  10.637     681     1742.2     4342.8
  10.653     682     1746.0     4342.9
  10.671     683     1749.5     4342.9
  10.688     684     1753.1     4342.7
  10.705     685     1756.3     4342.0
  10.721     686     1759.7     4342.6
  10.738     687     1762.2     4341.6
  10.755     688     1765.1     4341.3
  10.774     689     1768.2     4340.3
  10.790     690     1771.3     4340.8
  10.807     691     1774.4     4340.2
  10.824     692     1777.1     4340.3
  10.840     693     1780.1     4340.4
  10.857     694     1782.2     4340.2
  10.876     695     1784.8     4339.7
  10.892     696     1787.3     4338.9
  10.909     697     1789.2     4337.8
  10.926     698     1791.8     4337.5
  10.943     699     1794.0     4336.4
  10.960     700     1796.8     4335.6
  10.976     701     1799.7     4334.7
  10.992     702     1801.9     4333.9
  11.011     703     1804.5     4332.8
  11.027     704     1807.4     4333.0
  11.044     705     1809.7     4333.6
  11.061     706     1812.6     4333.2
  11.078     707     1815.2     4332.7
  11.095     708     1817.7     4332.1
  11.112     709     1820.2     4332.2
  11.128     710     1823.1     4332.6
  11.145     711     1826.1     4333.1
  11.164     712     1828.7     4333.0
  11.180     713     1831.7     4331.7
  11.197     714     1834.7     4331.6
  11.214     715     1838.7     4332.8
  11.231     716     1843.0     4332.1
  11.248     717     1846.2     4332.1
  11.266     718     1849.3     4332.5
  11.284     719     1852.3     4332.5
  11.302     720     1855.9     4333.2
  11.318     721     1859.7     4334.3
  11.335     722     1862.9     4334.7
  11.352     723     1867.1     4334.3
  11.368     724     1870.9     4335.1
  11.385     725     1875.7     4336.0
  11.402     726     1879.0     4337.1
  11.421     727     1882.9     4338.2
  11.437     728     1887.4     4339.2
  11.454     729     1891.7     4339.5
  11.471     730     1894.7     4339.6
  11.489     731     1898.5     4340.6
  11.505     732     1902.1     4341.3
  11.524     733     1906.1     4341.6
  11.542     734     1910.4     4341.2
  11.558     735     1914.6     4341.1
  11.575     736     1918.2     4341.2
  11.592     737     1921.6     4341.0
  11.608     738     1925.5     4341.1
  11.625     739     1928.2     4341.5
  11.642     740     1932.2     4341.6
  11.659     741     1935.3     4342.3
  11.676     742     1938.5     4341.3
  11.695     743     1942.1     4341.3
  11.710     744     1944.8     4341.7
  11.727     745     1948.0     4341.4
  11.745     746     1951.6     4341.3
  11.761     747     1955.3     4340.8
  11.780     748     1959.3     4340.7
  11.796     749     1962.3     4341.0
  11.813     750     1965.9     4340.8
  11.829     751     1969.4     4341.0
  11.845     752     1972.9     4340.8
  11.862     753     1975.4     4340.6
  11.879     754     1979.2     4339.9
  11.895     755     1983.5     4339.8
  11.912     756     1986.2     4339.6
  11.929     757     1989.2     4339.6
  11.946     758     1991.8     4340.1
  11.963     759     1994.9     4339.6
  11.980     760     1997.2     4339.8
  11.997     761     2000.8     4339.3
  12.014     762     2004.3     4339.1
  12.033     763     2007.1     4338.6
  12.049     764     2010.2     4338.2
  12.066     765     2013.3     4338.5
  12.083     766     2017.1     4338.5
  12.103     767     2020.7     4338.4
  12.120     768     2024.8     4337.8
  12.137     769     2028.9     4337.1
  12.153     770     2032.3     4336.2
  12.170     771     2036.0     4335.9
  12.189     772     2039.8     4334.9
  12.205     773     2043.0     4334.6
  12.222     774     2046.3     4334.2
  12.239     775     2050.0     4335.0
  12.255     776     2053.0     4334.1
  12.272     777     2055.7     4334.3
  12.289     778     2059.2     4334.1
  12.306     779     2062.1     4334.8
  12.323     780     2065.1     4334.6
  12.342     781     2067.9     4335.4
  12.358     782     2070.8     4335.2
  12.375     783     2073.9     4335.4
  12.391     784     2076.7     4336.8
  12.408     785     2079.6     4337.6
  12.425     786     2083.6     4339.0
  12.442     787     2086.2     4340.0
  12.459     788     2088.6     4340.6
  12.477     789     2092.0     4340.6
  12.494     790     2095.0     4341.5
  12.510     791     2098.2     4342.1
  12.527     792     2101.5     4342.7
  12.544     793     2104.1     4344.0
  12.561     794     2107.7     4344.9
  12.578     795     2109.7     4345.7
  12.595     796     2112.3     4345.3
  12.612     797     2114.7     4345.2
  12.629     798     2117.3     4346.5
  12.647     799     2120.1     4347.6
  12.665     800     2123.2     4348.7
  12.683     801     2126.2     4348.6
  12.701     802     2129.4     4348.7
  12.719     803     2132.8     4348.1
  12.734     804     2136.8     4348.3
  12.751     805     2138.9     4348.5
  12.767     806     2141.8     4348.9
  12.784     807     2144.9     4348.9
  12.801     808     2147.2     4349.0
  12.821     809     2149.1     4349.2
  12.838     810     2150.7     4348.8
  12.855     811     2152.2     4349.2
  12.872     812     2153.8     4349.6
  12.888     813     2155.0     4349.5
  12.905     814     2157.6     4349.8
  12.922     815     2159.5     4349.7
  12.939     816     2160.9     4349.5
  12.956     817     2162.9     4349.8
  12.973     818     2164.5     4350.2
  12.990     819     2166.4     4350.8
  13.007     820     2168.8     4351.6
  13.023     821     2171.1     4352.0
  13.040     822     2173.2     4352.7
  13.059     823     2175.6     4354.5
  13.075     824     2177.1     4355.7
  13.092     825     2179.1     4357.2
  13.110     826     2180.9     4359.2
  13.127     827     2183.4     4360.9
  13.143     828     2184.8     4362.7
  13.160     829     2186.8     4364.7
  13.177     830     2189.0     4366.2
  13.194     831     2190.7     4367.8
  13.213     832     2192.6     4369.7
  13.230     833     2194.3     4371.5
  13.247     834     2197.4     4373.1
  13.263     835     2200.2     4373.7
  13.280     836     2202.0     4375.0
  13.300     837     2203.7     4376.3
  13.317     838     2205.8     4377.1
  13.334     839     2208.6     4377.7
  13.352     840     2210.7     4378.6
  13.369     841     2212.8     4379.3
  13.385     842     2214.8     4380.1
  13.402     843     2217.1     4380.2
  13.421     844     2219.3     4380.6
  13.436     845     2221.4     4380.6
  13.453     846     2223.6     4381.0
  13.470     847     2225.7     4381.3
  13.487     848     2227.6     4382.0
  13.503     849     2229.5     4382.7
  13.520     850     2231.2     4382.9
  13.539     851     2232.9     4383.2
  13.558     852     2235.6     4383.8
  13.574     853     2238.5     4383.8
  13.591     854     2240.2     4383.6
  13.608     855     2243.0     4382.9
  13.624     856     2244.9     4382.2
  13.641     857     2247.4     4381.2
  13.660     858     2249.0     4380.6
  13.676     859     2252.6     4379.7
  13.693     860     2254.2     4379.4
  13.710     861     2256.9     4378.7
  13.727     862     2260.7     4378.8
  13.745     863     2264.4     4379.2
  13.761     864     2268.0     4379.6
  13.779     865     2271.8     4380.1
  13.795     866     2275.7     4381.4
  13.812     867     2279.0     4382.8
  13.829     868     2282.5     4383.7
  13.846     869     2285.5     4384.6
  13.863     870     2288.9     4385.6
  13.879     871     2290.9     4386.6
  13.896     872     2293.5     4387.8
  13.913     873     2297.6     4388.4
  13.930     874     2300.4     4388.6
  13.947     875     2304.1     4388.4
  13.964     876     2307.2     4389.0
  13.981     877     2309.3     4388.7
  13.998     878     2311.2     4387.8
  14.014     879     2313.0     4387.4
  14.031     880     2315.7     4386.9
  14.048     881     2317.7     4385.4
  14.065     882     2319.4     4383.8
  14.082     883     2321.1     4381.9
  14.099     884     2322.0     4380.9
  14.116     885     2324.3     4379.2
  14.133     886     2329.5     4382.3
  14.149     887     2333.0     4385.7
  14.168     888     2337.3     4388.2
  14.184     889     2340.3     4391.9
  14.201     890     2344.1     4395.0
  14.218     891     2347.3     4398.7
  14.235     892     2352.5     4405.8
  14.253     893     2358.0     4411.9
  14.269     894     2362.6     4417.9
  14.286     895     2367.1     4424.9
  14.303     896     2371.6     4431.4
  14.320     897     2376.3     4437.0
  14.337     898     2381.1     4441.9
  14.353     899     2385.0     4447.0
  14.370     900     2389.1     4452.9
  14.387     901     2393.4     4458.0
  14.404     902     2397.5     4462.6
  14.420     903     2401.0     4466.5
  14.437     904     2404.3     4469.1
  14.454     905     2406.6     4473.0
  14.474     906     2408.5     4475.7
  14.491     907     2410.8     4476.8
  14.508     908     2413.9     4477.3
  14.526     909     2415.5     4478.1
  14.543     910     2417.4     4479.3
  14.560     911     2419.5     4479.8
  14.577     912     2422.6     4479.9
  14.594     913     2424.1     4480.0
  14.614     914     2426.2     4480.1
  14.632     915     2427.9     4480.1
  14.647     916     2429.6     4479.0
  14.664     917     2431.3     4477.9
  14.681     918     2433.3     4476.6
  14.698     919     2435.3     4475.1
  14.715     920     2437.3     4473.9
  14.732     921     2440.3     4476.8
  14.748     922     2441.2     4475.5
  14.766     923     2443.0     4473.8
  14.782     924     2446.2     4475.0
  14.801     925     2447.1     4472.7
  14.817     926     2448.5     4469.2
  14.834     927     2451.8     4470.9
  14.851     928     2453.7     4471.6
  14.868     929     2455.9     4471.7
  14.884     930     2457.8     4472.2
  14.901     931     2459.8     4470.8
  14.918     932     2466.9     4481.1
  14.938     933     2470.2     4482.9
  14.956     934     2475.2     4488.3
  14.973     935     2477.5     4489.1
  14.990     936     2480.7     4490.2
  15.006     937     2484.9     4494.6
  15.023     938     2489.6     4498.7
  15.040     939     2491.9     4497.8
  15.056     940     2494.2     4497.2
  15.073     941     2496.6     4495.7
  15.090     942     2499.6     4494.5
  15.107     943     2502.3     4494.6
  15.124     944     2508.4     4500.6
  15.142     945     2511.8     4499.9
  15.158     946     2514.1     4498.5
  15.175     947     2518.5     4502.9
  15.192     948     2524.3     4508.3
  15.211     949     2525.9     4504.9
  15.228     950     2528.0     4501.3
  15.245     951     2532.3     4503.4
  15.261     952     2536.8     4505.8
  15.278     953     2540.9     4508.0
  15.296     954     2545.2     4510.7
  15.313     955     2551.2     4517.5
  15.330     956     2555.8     4521.1
  15.347     957     2559.8     4524.6
  15.364     958     2562.2     4524.5
  15.380     959     2567.9     4531.7
  15.397     960     2570.4     4531.3
  15.414     961     2573.7     4530.9
  15.431     962     2576.4     4529.9
  15.448     963     2579.1     4530.0
  15.465     964     2582.2     4529.1
  15.482     965     2584.4     4528.1
  15.499     966     2586.8     4527.2
  15.515     967     2589.7     4526.3
  15.532     968     2593.1     4524.4
  15.551     969     2596.1     4522.6
  15.567     970     2599.2     4520.6
  15.584     971     2601.5     4518.6
  15.601     972     2603.2     4515.8
  15.618     973     2606.0     4513.8
  15.635     974     2607.7     4511.4
  15.651     975     2609.3     4508.3
  15.668     976     2611.4     4504.9
  15.685     977     2613.2     4501.9
  15.702     978     2615.4     4498.9
  15.721     979     2616.9     4495.8
  15.738     980     2619.0     4493.7
  15.755     981     2620.5     4491.5
  15.771     982     2622.8     4488.6
  15.789     983     2625.3     4485.6
  15.805     984     2627.5     4483.9
  15.822     985     2629.8     4482.3
  15.842     986     2631.0     4481.3
  15.858     987     2633.5     4481.9
  15.875     988     2635.0     4481.2
  15.892     989     2638.7     4483.4
  15.908     990     2642.2     4485.8
  15.927     991     2645.6     4489.1
  15.943     992     2649.7     4492.4
  15.959     993     2653.4     4495.3
  15.977     994     2656.8     4497.9
  15.995     995     2660.0     4499.9
  16.011     996     2662.8     4502.3
  16.028     997     2666.3     4503.9
  16.047     998     2669.7     4505.4
  16.063     999     2672.8     4505.4
  16.080    1000     2675.1     4504.5
  16.097    1001     2677.3     4504.1
  16.114    1002     2679.9     4502.3
  16.131    1003     2682.5     4501.0
  16.147    1004     2686.0     4499.7
  16.164    1005     2688.3     4499.1
  16.181    1006     2690.6     4497.5
  16.200    1007     2692.5     4496.0
  16.216    1008     2694.5     4495.1
  16.233    1009     2696.6     4494.6
  16.250    1010     2698.9     4493.8
  16.266    1011     2702.2     4493.8
  16.285    1012     2704.8     4493.7
  16.301    1013     2707.2     4493.5
  16.318    1014     2710.2     4493.2
  16.335    1015     2712.2     4492.2
  16.352    1016     2714.9     4491.0
  16.369    1017     2717.4     4490.9
  16.386    1018     2720.3     4489.7
  16.402    1019     2723.0     4488.7
  16.419    1020     2724.8     4487.6
  16.436    1021     2727.1     4486.3
  16.453    1022     2729.8     4485.3
  16.470    1023     2732.4     4484.0
  16.487    1024     2734.4     4481.7
  16.504    1025     2736.2     4479.9
  16.521    1026     2738.7     4477.5
  16.537    1027     2741.6     4476.0
  16.554    1028     2743.5     4474.9
  16.571    1029     2745.8     4473.5
  16.588    1030     2747.7     4472.3
  16.605    1031     2750.6     4471.5
  16.622    1032     2753.2     4470.8
  16.639    1033     2756.3     4471.4
  16.656    1034     2759.8     4472.0
  16.672    1035     2762.3     4472.4
  16.689    1036     2765.4     4473.6
  16.707    1037     2767.9     4473.6
  16.723    1038     2771.0     4473.7
  16.743    1039     2773.9     4473.9
  16.759    1040     2777.5     4475.0
  16.776    1041     2780.2     4475.4
  16.794    1042     2784.2     4477.0
  16.809    1043     2788.6     4479.0
  16.826    1044     2792.4     4481.2
  16.844    1045     2795.4     4482.8
  16.859    1046     2798.4     4484.3
  16.876    1047     2801.9     4483.8
  16.893    1048     2804.8     4482.8
  16.910    1049     2806.1     4480.1
  16.926    1050     2808.4     4477.0
  16.943    1051     2810.7     4473.9
  16.959    1052     2811.8     4470.5
  16.976    1053     2813.0     4467.4
  16.995    1054     2814.7     4463.6
  17.010    1055     2816.5     4459.6
  17.027    1056     2818.8     4457.0
  17.044    1057     2821.3     4456.0
  17.061    1058     2823.7     4452.9
  17.079    1059     2826.0     4451.2
  17.095    1060     2828.6     4450.4
  17.112    1061     2831.1     4448.6
  17.131    1062     2835.0     4448.3
  17.148    1063     2838.7     4447.0
  17.165    1064     2842.2     4447.0
  17.182    1065     2845.5     4446.4
  17.199    1066     2849.3     4446.5
  17.215    1067     2852.8     4446.0
  17.232    1068     2855.4     4445.6
  17.248    1069     2859.8     4445.8
  17.265    1070     2862.4     4444.9
  17.282    1071     2865.5     4445.4
  17.299    1072     2868.6     4444.8
  17.316    1073     2872.1     4443.6
  17.333    1074     2874.7     4442.4
  17.350    1075     2877.7     4441.1
  17.366    1076     2880.9     4440.8
  17.383    1077     2882.8     4438.5
  17.400    1078     2884.9     4437.1
  17.417    1079     2887.9     4436.0
  17.434    1080     2890.0     4434.1
  17.451    1081     2893.7     4432.5
  17.468    1082     2897.3     4430.1
  17.484    1083     2900.2     4427.7
  17.501    1084     2903.4     4425.7
  17.518    1085     2906.2     4423.5
  17.535    1086     2909.5     4421.3
  17.552    1087     2912.5     4419.9
  17.569    1088     2916.1     4418.4
  17.586    1089     2919.5     4416.8
  17.603    1090     2923.1     4414.2
  17.620    1091     2926.3     4412.0
  17.636    1092     2930.0     4409.8
  17.653    1093     2933.9     4407.8
  17.670    1094     2937.2     4405.5
  17.687    1095     2941.4     4403.6
  17.704    1096     2944.8     4402.0
  17.721    1097     2948.0     4399.3
  17.738    1098     2951.8     4396.7
  17.755    1099     2955.4     4395.0
  17.771    1100     2959.5     4392.8
  17.788    1101     2963.2     4390.9
  17.804    1102     2966.5     4388.7
  17.821    1103     2970.1     4387.4
  17.838    1104     2973.4     4385.8
  17.855    1105     2976.7     4384.2
  17.872    1106     2980.3     4382.1
  17.890    1107     2983.4     4380.4
  17.908    1108     2986.5     4378.5
  17.924    1109     2989.5     4377.3
  17.943    1110     2992.6     4375.3
  17.959    1111     2995.8     4374.1
  17.976    1112     2998.8     4371.9
  17.993    1113     3001.3     4369.7
  18.010    1114     3004.3     4367.2
  18.026    1115     3008.5     4365.4
  18.043    1116     3010.8     4364.3
  18.060    1117     3012.7     4362.2
  18.079    1118     3015.7     4359.9
  18.095    1119     3018.2     4358.2
  18.113    1120     3021.8     4356.2
  18.130    1121     3024.8     4354.8
  18.146    1122     3027.5     4353.8
  18.164    1123     3030.5     4352.4
  18.183    1124     3033.3     4351.2
  18.199    1125     3036.1     4350.0
  18.218    1126     3039.2     4348.6
  18.234    1127     3042.3     4348.0
  18.250    1128     3045.2     4347.4
  18.266    1129     3047.9     4347.4
  18.283    1130     3050.8     4347.4
  18.300    1131     3053.6     4347.6
  18.317    1132     3056.5     4347.3
  18.334    1133     3058.7     4347.6
  18.351    1134     3061.2     4348.3
  18.368    1135     3063.3     4349.6
  18.385    1136     3064.8     4351.5
  18.402    1137     3068.0     4353.3
  18.418    1138     3070.2     4354.4
  18.435    1139     3072.5     4356.0
  18.453    1140     3075.1     4357.7
  18.469    1141     3077.8     4359.1
  18.488    1142     3079.7     4361.5
  18.503    1143     3082.1     4363.5
  18.520    1144     3084.2     4365.2
  18.538    1145     3086.2     4367.0
  18.554    1146     3088.6     4369.4
  18.571    1147     3091.3     4371.5
  18.588    1148     3093.7     4374.4
  18.605    1149     3095.4     4376.6
  18.622    1150     3098.1     4378.3
  18.639    1151     3100.3     4380.8
  18.656    1152     3103.2     4382.9
  18.672    1153     3105.7     4385.3
  18.688    1154     3107.8     4387.4
  18.704    1155     3110.3     4389.6
  18.721    1156     3112.2     4391.4
  18.738    1157     3115.9     4393.6
  18.755    1158     3118.8     4395.1
  18.772    1159     3120.4     4396.4
  18.789    1160     3123.6     4397.4
  18.807    1161     3126.0     4398.3
  18.823    1162     3128.5     4399.9
  18.842    1163     3130.5     4400.7
  18.858    1164     3133.2     4401.7
  18.877    1165     3135.0     4402.7
  18.893    1166     3137.8     4403.2
  18.911    1167     3140.8     4403.4
  18.927    1168     3143.8     4403.5
  18.943    1169     3145.6     4403.6
  18.960    1170     3149.0     4403.5
  18.979    1171     3152.1     4403.4
  18.995    1172     3154.9     4402.7
  19.012    1173     3158.2     4403.0
  19.029    1174     3161.2     4402.9
  19.047    1175     3165.1     4402.8
  19.064    1176     3167.8     4402.7
  19.080    1177     3171.1     4402.0
  19.097    1178     3175.0     4401.8
  19.114    1179     3175.5     4406.4
  19.131    1180     3180.1     4405.7
  19.147    1181     3183.7     4405.5
  19.164    1182     3187.3     4404.7
  19.181    1183     3191.0     4403.5
  19.198    1184     3194.2     4403.1
  19.214    1185     3197.4     4402.6
  19.231    1186     3200.8     4401.8
  19.248    1187     3204.3     4402.4
  19.265    1188     3207.6     4402.9
  19.282    1189     3210.4     4403.8
  19.299    1190     3213.0     4404.8
  19.316    1191     3214.4     4410.0
  19.333    1192     3216.6     4412.0
  19.349    1193     3217.6     4416.4
  19.366    1194     3219.7     4418.3
  19.383    1195     3221.8     4420.5
  19.402    1196     3223.3     4422.4
  19.418    1197     3224.2     4424.5
  19.435    1198     3226.5     4426.5
  19.453    1199     3227.7     4428.4
  19.470    1200     3228.7     4430.9
  19.486    1201     3228.8     4433.4
  19.502    1202     3229.8     4436.0
  19.519    1203     3230.5     4437.9
  19.536    1204     3232.2     4440.1
  19.553    1205     3233.0     4442.8
  19.569    1206     3234.2     4445.4
  19.586    1207     3235.7     4446.8
  19.603    1208     3237.9     4448.4
  19.620    1209     3239.3     4449.9
  19.636    1210     3241.7     4451.8
  19.653    1211     3243.7     4454.0
  19.670    1212     3245.9     4455.5
  19.687    1213     3247.8     4456.7
  19.704    1214     3249.7     4458.0
  19.721    1215     3252.5     4458.4
  19.738    1216     3253.6     4458.9
  19.756    1217     3255.1     4460.4
  19.772    1218     3257.9     4461.7
  19.789    1219     3260.0     4463.5
  19.806    1220     3261.8     4465.3
  19.823    1221     3263.7     4467.5
  19.840    1222     3264.8     4470.5
  19.857    1223     3266.7     4474.3
  19.874    1224     3268.3     4477.1
  19.890    1225     3270.7     4480.5
  19.907    1226     3273.1     4483.7
  19.924    1227     3274.6     4488.8
  19.941    1228     3276.2     4492.8
  19.958    1229     3278.8     4497.3
  19.975    1230     3280.6     4502.4
  19.992    1231     3283.5     4507.2
  20.009    1232     3285.4     4511.6
  20.025    1233     3288.1     4517.2
  20.044    1234     3290.5     4521.6
  20.060    1235     3291.1     4526.7
  20.077    1236     3292.9     4531.4
  20.095    1237     3293.1     4536.8
  20.112    1238     3295.2     4541.7
  20.129    1239     3297.7     4546.0
  20.146    1240     3299.1     4551.3
  20.163    1241     3298.7     4551.2
  20.181    1242     3298.3     4551.6
  20.197    1243     3300.7     4556.5
  20.214    1244     3303.4     4561.4
  20.231    1245     3306.0     4567.0
  20.248    1246     3308.3     4571.3
  20.264    1247     3310.8     4575.7
  20.281    1248     3311.4     4577.4
  20.299    1249     3314.3     4582.9
  20.317    1250     3315.3     4584.5
  20.333    1251     3318.7     4588.3
  20.350    1252     3321.0     4592.6
  20.367    1253     3322.4     4593.3
  20.384    1254     3323.6     4594.9
  20.401    1255     3324.9     4597.3
  20.417    1256     3326.2     4598.8
  20.434    1257     3327.2     4600.3
  20.451    1258     3329.1     4601.5
  20.468    1259     3331.6     4603.2
  20.485    1260     3333.7     4603.9
  20.502    1261     3335.4     4605.3
  20.519    1262     3337.8     4606.5
  20.536    1263     3339.9     4606.6
  20.552    1264     3341.6     4606.9
  20.569    1265     3343.6     4608.1
  20.586    1266     3345.4     4608.8
  20.603    1267     3347.5     4608.7
  20.620    1268     3348.9     4609.0
  20.637    1269     3350.3     4609.3
  20.654    1270     3351.6     4609.5
  20.670    1271     3353.2     4609.8
  20.686    1272     3354.9     4609.3
  20.703    1273     3357.0     4608.6
  20.720    1274     3358.8     4608.3
  20.737    1275     3360.8     4607.8
  20.754    1276     3362.0     4606.8
  20.771    1277     3363.7     4606.9
  20.788    1278     3366.0     4606.1
  20.805    1279     3367.4     4604.7
  20.822    1280     3368.9     4603.6
  20.838    1281     3370.9     4602.6
  20.855    1282     3372.9     4601.6
  20.872    1283     3375.5     4601.3
  20.889    1284     3378.1     4601.1
  20.906    1285     3381.4     4601.4
  20.923    1286     3384.5     4600.5
  20.940    1287     3387.0     4600.2
  20.958    1288     3390.6     4598.8
  20.974    1289     3392.9     4598.3
  20.991    1290     3396.2     4597.0
  21.008    1291     3399.5     4594.9
  21.025    1292     3401.9     4594.3
  21.042    1293     3404.1     4592.3
  21.059    1294     3406.7     4590.4
  21.075    1295     3409.2     4587.5
  21.092    1296     3411.3     4584.4
  21.108    1297     3414.1     4581.3
  21.125    1298     3417.0     4579.2
  21.142    1299     3420.1     4576.2
  21.159    1300     3422.6     4574.1
  21.176    1301     3426.4     4570.9
  21.193    1302     3429.5     4567.4
  21.210    1303     3431.5     4563.7
  21.227    1304     3435.1     4560.4
  21.243    1305     3437.9     4557.3
  21.260    1306     3441.0     4553.9
  21.277    1307     3444.3     4550.4
  21.294    1308     3447.3     4546.5
  21.312    1309     3450.2     4542.6
  21.329    1310     3454.0     4539.2
  21.346    1311     3457.5     4535.9
  21.363    1312     3460.1     4532.1
  21.379    1313     3463.5     4528.3
  21.396    1314     3466.8     4526.0
  21.413    1315     3469.3     4522.6
  21.430    1316     3472.4     4519.6
  21.447    1317     3476.3     4516.9
  21.463    1318     3479.2     4514.4
  21.480    1319     3481.4     4511.7
  21.497    1320     3485.4     4509.0
  21.513    1321     3488.6     4507.5
  21.530    1322     3491.7     4505.9
  21.547    1323     3494.9     4503.6
  21.564    1324     3498.2     4501.8
  21.581    1325     3501.4     4499.7
  21.598    1326     3504.1     4496.8
  21.615    1327     3507.3     4495.2
  21.632    1328     3509.5     4494.3
  21.648    1329     3512.0     4494.0
  21.665    1330     3514.3     4492.8
  21.682    1331     3516.8     4492.6
  21.701    1332     3518.9     4491.8
  21.717    1333     3521.3     4491.4
  21.734    1334     3524.1     4491.6
  21.751    1335     3526.2     4491.7
  21.769    1336     3528.6     4492.4
  21.785    1337     3531.2     4493.4
  21.801    1338     3532.5     4493.9
  21.818    1339     3534.4     4495.9
  21.835    1340     3537.2     4497.7
  21.852    1341     3539.8     4501.2
  21.869    1342     3541.8     4503.1
  21.886    1343     3544.2     4505.1
  21.903    1344     3546.8     4506.8
  21.919    1345     3548.7     4509.3
  21.937    1346     3550.8     4511.8
  21.956    1347     3552.6     4514.1
  21.971    1348     3554.6     4516.3
  21.988    1349     3556.5     4519.3
  22.005    1350     3557.7     4522.3
  22.022    1351     3559.3     4525.1
  22.039    1352     3560.5     4527.9
  22.056    1353     3562.4     4531.1
  22.072    1354     3563.5     4534.6
  22.092    1355     3564.1     4538.3
  22.109    1356     3565.1     4542.5
  22.125    1357     3566.4     4547.3
  22.142    1358     3567.3     4553.0
  22.159    1359     3568.0     4558.9
  22.177    1360     3571.3     4561.1
  22.193    1361     3573.2     4563.6
  22.211    1362     3576.2     4564.4
  22.228    1363     3579.7     4565.5
  22.245    1364     3584.5     4569.9
  22.262    1365     3588.1     4571.6
  22.279    1366     3591.0     4571.6
  22.295    1367     3593.9     4572.5
  22.312    1368     3596.9     4574.3
  22.328    1369     3599.5     4575.6
  22.345    1370     3602.1     4576.5
  22.361    1371     3604.9     4577.8
  22.379    1372     3607.9     4579.4
  22.396    1373     3611.1     4579.6
  22.413    1374     3614.8     4581.4
  22.431    1375     3618.2     4583.1
  22.447    1376     3621.8     4584.0
  22.464    1377     3624.7     4585.8
  22.480    1378     3627.9     4586.2
  22.499    1379     3631.5     4587.0
  22.516    1380     3635.0     4587.8
  22.533    1381     3637.7     4587.7
  22.549    1382     3640.6     4588.6
  22.566    1383     3643.2     4589.9
  22.583    1384     3647.2     4590.3
  22.600    1385     3649.5     4591.3
  22.617    1386     3651.8     4591.9
  22.634    1387     3654.4     4592.3
  22.653    1388     3656.6     4592.9
  22.671    1389     3658.5     4593.5
  22.686    1390     3661.2     4594.4
  22.703    1391     3664.7     4595.8
  22.720    1392     3666.5     4596.9
  22.737    1393     3668.3     4597.5
  22.754    1394     3670.3     4598.2
  22.770    1395     3672.7     4599.6
  22.787    1396     3675.3     4600.8
  22.804    1397     3676.8     4602.8
  22.822    1398     3679.2     4604.9
  22.838    1399     3680.5     4606.6
  22.855    1400     3682.9     4608.0
  22.874    1401     3684.2     4609.5
  22.890    1402     3686.5     4611.3
  22.907    1403     3688.9     4611.4
  22.924    1404     3690.5     4611.9
  22.942    1405     3693.9     4612.7
  22.958    1406     3696.9     4613.9
  22.975    1407     3699.5     4614.8
  22.992    1408     3702.9     4616.3
  23.009    1409     3705.4     4616.5
  23.026    1410     3708.6     4617.2
  23.046    1411     3712.0     4618.4
  23.062    1412     3714.4     4618.0
  23.081    1413     3716.9     4618.1
  23.097    1414     3719.3     4618.5
  23.117    1415     3721.9     4618.6
  23.134    1416     3724.3     4618.1
  23.152    1417     3726.3     4618.5
  23.170    1418     3729.1     4618.2
  23.186    1419     3730.9     4617.2
  23.203    1420     3732.6     4616.7
  23.220    1421     3734.6     4615.8
  23.237    1422     3739.4     4619.5
  23.254    1423     3742.0     4619.5
  23.272    1424     3744.9     4619.4
  23.289    1425     3747.3     4619.4
  23.306    1426     3749.6     4619.8
  23.323    1427     3753.3     4619.6
  23.340    1428     3756.6     4620.4
  23.357    1429     3759.4     4619.5
  23.374    1430     3764.2     4624.3
  23.393    1431     3766.1     4623.0
  23.410    1432     3768.3     4622.3
  23.426    1433     3770.8     4621.4
  23.443    1434     3774.1     4620.1
  23.460    1435     3776.5     4618.6
  23.477    1436     3779.4     4616.2
  23.495    1437     3781.2     4613.7
  23.512    1438     3783.4     4611.0
  23.529    1439     3785.5     4608.8
  23.545    1440     3787.7     4606.8
  23.562    1441     3789.6     4604.0
  23.579    1442     3791.9     4602.7
  23.596    1443     3795.2     4601.5
  23.612    1444     3796.8     4600.2
  23.630    1445     3799.5     4598.9
  23.647    1446     3801.9     4597.6
  23.663    1447     3804.5     4597.1
  23.680    1448     3807.0     4595.9
  23.697    1449     3808.6     4595.1
  23.714    1450     3810.9     4594.7
  23.731    1451     3813.7     4594.6
  23.748    1452     3815.8     4592.7
  23.765    1453     3818.7     4592.4
  23.782    1454     3820.4     4591.8
  23.798    1455     3823.0     4591.4
  23.815    1456     3825.9     4591.9
  23.833    1457     3827.9     4591.8
  23.849    1458     3830.4     4591.7
  23.868    1459     3833.3     4591.4
  23.884    1460     3835.8     4592.2
  23.901    1461     3837.7     4593.3
  23.918    1462     3840.2     4595.2
  23.935    1463     3842.7     4596.2
  23.951    1464     3845.3     4597.5
  23.968    1465     3847.3     4598.7
  23.985    1466     3848.6     4600.0
  24.002    1467     3850.5     4602.1
  24.019    1468     3852.8     4603.8
  24.036    1469     3855.1     4604.6
  24.053    1470     3857.5     4605.9
  24.071    1471     3858.7     4606.3
  24.088    1472     3861.4     4607.2
  24.107    1473     3863.8     4608.3
  24.126    1474     3865.5     4609.5
  24.142    1475     3868.7     4607.4
  24.160    1476     3870.6     4608.2
  24.176    1477     3871.5     4609.9
  24.192    1478     3871.9     4612.4
  24.209    1479     3877.0     4621.3
  24.226    1480     3878.0     4622.7
  24.244    1481     3878.1     4624.2
  24.261    1482     3879.4     4624.9
  24.278    1483     3881.3     4625.2
  24.295    1484     3882.9     4626.3
  24.313    1485     3884.5     4626.2
  24.329    1486     3885.7     4626.5
  24.349    1487     3887.7     4626.0
  24.367    1488     3889.9     4625.2
  24.384    1489     3892.9     4624.8
  24.400    1490     3895.9     4624.2
  24.418    1491     3899.2     4621.5
  24.435    1492     3901.2     4620.6
  24.452    1493     3902.9     4618.5
  24.469    1494     3905.3     4615.6
  24.487    1495     3907.7     4612.2
  24.504    1496     3909.9     4608.3
  24.521    1497     3911.5     4605.4
  24.536    1498     3913.4     4601.9
  24.553    1499     3916.0     4599.7
  24.570    1500     3918.1     4597.9
  24.587    1501     3920.6     4594.6
  24.604    1502     3923.1     4592.5
  24.621    1503     3926.0     4590.9
  24.638    1504     3928.7     4587.7
  24.655    1505     3933.0     4588.3
  24.671    1506     3936.4     4587.2
  24.688    1507     3940.5     4588.1
  24.705    1508     3944.3     4588.7
  24.723    1509     3947.5     4588.0
  24.739    1510     3950.1     4586.9
  24.756    1511     3953.5     4586.6
  24.773    1512     3956.6     4585.9
  24.790    1513     3959.1     4585.1
  24.806    1514     3961.7     4584.5
  24.823    1515     3964.5     4584.0
  24.840    1516     3966.6     4582.6
  24.857    1517     3968.9     4581.1
  24.875    1518     3971.2     4579.5
  24.892    1519     3973.9     4578.8
  24.909    1520     3976.4     4578.1
  24.926    1521     3978.5     4576.5
  24.943    1522     3980.9     4575.2
  24.960    1523     3983.3     4573.6
  24.977    1524     3986.0     4571.8
  24.994    1525     3989.2     4570.1
  25.011    1526     3992.2     4567.8
  25.027    1527     3995.1     4565.5
  25.044    1528     3998.0     4564.3
  25.061    1529     4000.4     4562.3
  25.077    1530     4003.4     4561.2
  25.094    1531     4006.3     4560.4
  25.111    1532     4010.0     4559.7
  25.128    1533     4013.1     4558.6
  25.145    1534     4015.5     4557.7
  25.162    1535     4018.5     4557.0
  25.179    1536     4021.1     4556.4
  25.196    1537     4023.1     4554.8
  25.213    1538     4025.7     4554.2
  25.229    1539     4028.0     4552.6
  25.246    1540     4030.9     4551.3
  25.262    1541     4032.5     4549.6
  25.279    1542     4034.7     4548.1
  25.296    1543     4037.4     4546.0
  25.313    1544     4040.0     4545.2
  25.330    1545     4042.2     4543.0
  25.347    1546     4044.9     4541.8
  25.363    1547     4047.7     4541.2
  25.380    1548     4050.1     4540.2
  25.397    1549     4053.0     4540.3
  25.414    1550     4057.0     4542.3
  25.431    1551     4060.8     4543.4
  25.447    1552     4064.4     4545.4
  25.464    1553     4068.6     4547.2
  25.481    1554     4072.9     4548.6
  25.498    1555     4077.5     4548.9
  25.514    1556     4080.6     4549.7
  25.532    1557     4084.6     4550.5
  25.550    1558     4088.1     4551.5
  25.566    1559     4091.0     4552.4
  25.583    1560     4094.3     4553.3
  25.600    1561     4097.6     4554.1
  25.617    1562     4100.5     4555.4
  25.634    1563     4104.6     4557.0
  25.653    1564     4108.4     4559.0
  25.668    1565     4111.3     4561.4
  25.685    1566     4114.1     4563.1
  25.701    1567     4117.4     4565.8
  25.718    1568     4120.7     4568.5
  25.735    1569     4122.9     4571.0
  25.752    1570     4125.2     4573.8
  25.768    1571     4127.5     4576.1
  25.786    1572     4130.1     4578.5
  25.802    1573     4134.2     4577.2
  25.819    1574     4136.4     4581.2
  25.836    1575     4140.4     4579.2
  25.853    1576     4143.8     4579.2
  25.870    1577     4146.4     4579.5
  25.887    1578     4149.2     4580.1
  25.904    1579     4152.3     4580.7
  25.921    1580     4157.2     4578.8
  25.939    1581     4162.0     4575.3
  25.955    1582     4166.3     4572.7
  25.972    1583     4171.4     4569.9
  25.989    1584     4176.3     4567.9
  26.006    1585     4181.0     4565.3
  26.022    1586     4185.4     4563.6
  26.039    1587     4189.2     4562.0
  26.057    1588     4193.5     4561.1
  26.073    1589     4198.3     4559.5
  26.090    1590     4201.9     4558.2
  26.107    1591     4205.4     4556.7
  26.124    1592     4209.7     4555.5
  26.141    1593     4214.0     4554.4
  26.158    1594     4218.2     4553.6
  26.175    1595     4222.5     4552.5
  26.191    1596     4226.9     4552.1
  26.208    1597     4231.2     4551.8
  26.224    1598     4236.1     4551.6
  26.241    1599     4240.6     4551.1
  26.258    1600     4244.7     4551.0
  26.275    1601     4247.8     4549.7
  26.292    1602     4251.3     4548.1
  26.310    1603     4255.3     4547.2
  26.325    1604     4258.5     4545.7
  26.342    1605     4261.9     4544.5
  26.359    1606     4263.9     4542.5
  26.375    1607     4266.7     4541.0
  26.392    1608     4269.0     4539.6
  26.409    1609     4271.3     4537.6
  26.426    1610     4274.6     4536.0
  26.443    1611     4277.6     4534.5
  26.459    1612     4279.1     4532.9
  26.476    1613     4281.4     4532.0
  26.493    1614     4284.0     4532.1
  26.510    1615     4286.3     4531.0
  26.530    1616     4289.5     4530.3
  26.546    1617     4292.4     4529.9
  26.563    1618     4295.5     4528.6
  26.580    1619     4298.3     4528.7
  26.598    1620     4301.4     4528.6
  26.614    1621     4303.9     4527.8
  26.631    1622     4306.9     4527.6
  26.647    1623     4309.1     4526.3
  26.664    1624     4312.3     4526.3
  26.682    1625     4315.3     4524.9
  26.698    1626     4317.9     4524.1
  26.714    1627     4319.8     4523.8
  26.732    1628     4322.4     4522.7
  26.748    1629     4324.8     4521.6
  26.765    1630     4327.9     4521.0
  26.784    1631     4331.3     4519.9
  26.800    1632     4333.9     4519.4
  26.817    1633     4336.8     4519.0
  26.834    1634     4339.1     4518.8
  26.850    1635     4341.8     4518.1
  26.867    1636     4344.9     4518.2
  26.884    1637     4348.3     4518.7
  26.901    1638     4351.1     4518.2
  26.918    1639     4354.6     4518.5
  26.935    1640     4358.4     4519.2
  26.952    1641     4362.4     4519.7
  26.969    1642     4366.9     4519.9
  26.987    1643     4371.5     4520.0
  27.003    1644     4375.3     4519.3
  27.020    1645     4379.4     4518.4
  27.037    1646     4382.6     4521.5
  27.054    1647     4384.4     4530.4
  27.071    1648     4385.8     4537.6
  27.089    1649     4387.7     4543.4
  27.104    1650     4388.9     4549.9
  27.121    1651     4391.6     4554.5
  27.138    1652     4394.4     4557.2
  27.155    1653     4397.4     4559.6
  27.172    1654     4400.5     4561.3
  27.189    1655     4403.8     4562.6
  27.206    1656     4406.9     4564.1
  27.223    1657     4409.8     4565.2
  27.241    1658     4412.7     4565.8
  27.257    1659     4416.4     4567.3
  27.274    1660     4419.8     4568.0
  27.291    1661     4424.0     4568.8
  27.309    1662     4427.7     4570.0
  27.325    1663     4430.5     4571.2
  27.342    1664     4434.0     4572.2
  27.359    1665     4437.5     4573.7
  27.375    1666     4441.3     4575.0
  27.392    1667     4444.3     4576.2
  27.409    1668     4447.8     4576.7
  27.426    1669     4451.2     4576.2
  27.443    1670     4454.1     4576.5
  27.460    1671     4456.8     4577.5
  27.477    1672     4460.1     4577.6
  27.495    1673     4464.0     4578.2
  27.511    1674     4466.8     4578.5
  27.528    1675     4470.0     4578.6
  27.545    1676     4473.3     4577.9
  27.562    1677     4475.6     4577.9
  27.579    1678     4477.9     4577.9
  27.596    1679     4480.2     4577.6
  27.613    1680     4482.6     4576.3
  27.630    1681     4485.3     4575.4
  27.646    1682     4486.6     4575.1
  27.663    1683     4488.9     4575.3
  27.680    1684     4491.3     4574.8
  27.699    1685     4493.0     4574.2
  27.715    1686     4495.2     4574.0
  27.732    1687     4496.5     4573.2
  27.750    1688     4499.5     4572.8
  27.766    1689     4502.5     4572.3
  27.783    1690     4504.8     4571.3
  27.800    1691     4506.9     4570.6
  27.817    1692     4508.7     4569.9
  27.834    1693     4511.8     4568.4
  27.850    1694     4514.1     4567.1
  27.867    1695     4516.4     4566.7
  27.884    1696     4518.7     4566.3
  27.901    1697     4521.2     4564.8
  27.917    1698     4524.2     4563.6
  27.935    1699     4527.4     4563.3
  27.952    1700     4530.8     4562.0
  27.969    1701     4533.1     4561.6
  27.986    1702     4535.6     4560.7
  28.002    1703     4538.2     4560.0
  28.019    1704     4540.6     4559.1
  28.036    1705     4544.5     4557.9
  28.052    1706     4546.9     4556.7
  28.069    1707     4549.5     4554.9
  28.087    1708     4552.7     4553.4
  28.106    1709     4556.1     4552.2
  28.122    1710     4559.4     4550.6
  28.140    1711     4562.3     4548.8
  28.156    1712     4565.3     4546.6
  28.173    1713     4568.3     4544.8
  28.190    1714     4570.5     4542.4
  28.207    1715     4572.9     4540.4
  28.224    1716     4575.5     4538.9
  28.240    1717     4577.4     4537.5
  28.257    1718     4579.3     4535.7
  28.274    1719     4582.1     4533.5
  28.290    1720     4583.6     4531.6
  28.308    1721     4585.4     4530.0
  28.324    1722     4586.8     4528.4
  28.341    1723     4588.0     4526.7
  28.358    1724     4590.3     4525.4
  28.375    1725     4592.6     4524.0
  28.393    1726     4595.4     4522.5
  28.411    1727     4598.1     4520.2
  28.427    1728     4600.9     4518.2
  28.444    1729     4603.0     4516.8
  28.460    1730     4605.1     4515.3
  28.477    1731     4608.0     4514.3
  28.495    1732     4610.7     4512.9
  28.511    1733     4612.5     4510.7
  28.529    1734     4613.4     4508.6
  28.545    1735     4615.0     4506.0
  28.563    1736     4616.5     4504.5
  28.579    1737     4618.9     4502.6
  28.597    1738     4621.1     4501.2
  28.614    1739     4622.9     4500.5
  28.631    1740     4624.5     4499.0
  28.647    1741     4627.0     4497.4
  28.664    1742     4629.5     4496.5
  28.680    1743     4631.8     4495.9
  28.697    1744     4633.4     4494.2
  28.714    1745     4635.1     4494.5
  28.733    1746     4637.0     4493.7
  28.750    1747     4639.0     4493.1
  28.767    1748     4642.1     4492.5
  28.783    1749     4644.4     4491.6
  28.799    1750     4646.1     4490.6
  28.815    1751     4648.2     4488.9
  28.833    1752     4649.8     4487.5
  28.849    1753     4651.8     4487.6
  28.866    1754     4653.3     4486.3
  28.881    1755     4655.5     4484.9
  28.899    1756     4657.8     4484.1
  28.915    1757     4660.2     4483.5
  28.932    1758     4662.4     4482.8
  28.949    1759     4664.5     4481.9
  28.965    1760     4666.5     4481.1
  28.981    1761     4667.6     4480.1
  28.997    1762     4669.1     4480.3
  29.013    1763     4671.1     4479.7
  29.027    1764     4672.8     4479.4
  29.044    1765     4675.4     4479.1
  29.060    1766     4677.4     4478.5
  29.079    1767     4679.5     4477.4
  29.095    1768     4682.4     4476.0
  29.111    1769     4685.6     4474.6
  29.129    1770     4688.6     4473.3
  29.146    1771     4691.2     4473.4
  29.161    1772     4693.7     4472.9
  29.179    1773     4696.3     4472.5
  29.195    1774     4699.4     4471.2
  29.213    1775     4703.1     4471.2
  29.230    1776     4706.7     4471.4
  29.247    1777     4709.5     4471.2
  29.263    1778     4712.4     4471.4
  29.281    1779     4715.4     4470.7
  29.297    1780     4718.1     4470.1
  29.314    1781     4720.5     4469.2
  29.331    1782     4723.2     4468.6
  29.348    1783     4726.0     4467.2
  29.365    1784     4727.8     4466.4
  29.382    1785     4730.7     4464.3
  29.400    1786     4732.8     4463.0
  29.415    1787     4736.1     4460.9
  29.432    1788     4739.3     4459.3
  29.450    1789     4742.8     4458.0
  29.467    1790     4746.2     4456.5
  29.483    1791     4749.1     4455.1
  29.501    1792     4753.0     4454.2
  29.518    1793     4756.4     4452.8
  29.535    1794     4761.6     4451.2
  29.551    1795     4766.4     4449.7
  29.568    1796     4770.2     4447.9
  29.585    1797     4774.4     4446.2
  29.602    1798     4778.2     4444.9
  29.619    1799     4782.8     4442.5
  29.636    1800     4787.6     4442.0
  29.653    1801     4791.9     4440.6
  29.671    1802     4796.4     4439.4
  29.687    1803     4800.3     4437.8
  29.704    1804     4803.7     4436.6
  29.721    1805     4808.1     4434.6
  29.738    1806     4812.3     4434.3
  29.755    1807     4815.8     4433.3
  29.772    1808     4818.5     4431.8
  29.789    1809     4821.7     4430.2
  29.806    1810     4824.5     4429.0
  29.822    1811     4827.8     4428.6
  29.839    1812     4831.4     4428.0
  29.856    1813     4834.8     4426.9
  29.873    1814     4838.9     4425.5
  29.890    1815     4842.0     4424.5
  29.907    1816     4845.8     4423.9
  29.925    1817     4848.9     4422.4
  29.942    1818     4852.5     4421.9
  29.958    1819     4855.5     4420.9
  29.975    1820     4858.4     4420.2
  29.992    1821     4861.4     4418.5
  30.009    1822     4865.2     4417.6
  30.026    1823     4869.1     4415.8
  30.043    1824     4873.3     4414.7
  30.060    1825     4878.0     4413.5
  30.077    1826     4881.5     4412.0
  30.093    1827     4884.5     4409.7
  30.110    1828     4886.6     4408.2
  30.127    1829     4890.4     4406.5
  30.144    1830     4894.0     4405.1
  30.161    1831     4898.2     4403.8
  30.178    1832     4901.8     4402.3
  30.195    1833     4905.7     4400.1
  30.212    1834     4910.0     4398.4
  30.228    1835     4913.4     4396.6
  30.245    1836     4916.7     4394.6
  30.262    1837     4920.4     4392.4
  30.279    1838     4924.6     4390.3
  30.296    1839     4928.7     4388.3
  30.313    1840     4932.1     4386.8
  30.331    1841     4937.4     4385.3
  30.348    1842     4941.7     4383.3
  30.364    1843     4946.1     4381.9
  30.381    1844     4950.5     4380.4
  30.398    1845     4954.6     4378.3
  30.415    1846     4959.0     4376.6
  30.432    1847     4963.0     4374.7
  30.450    1848     4968.3     4373.4
  30.467    1849     4972.4     4372.2
  30.483    1850     4976.9     4370.8
  30.502    1851     4980.7     4369.3
  30.518    1852     4984.2     4367.7
  30.535    1853     4987.8     4366.8
  30.555    1854     4991.5     4366.1
  30.569    1855     4995.9     4366.0
  30.585    1856     4999.8     4365.6
  30.601    1857     5003.8     4364.4
  30.617    1858     5008.1     4363.2
  30.634    1859     5012.4     4362.5
  30.651    1860     5016.8     4361.9
  30.668    1861     5020.6     4361.7
  30.684    1862     5024.2     4361.6
  30.701    1863     5027.8     4361.6
  30.718    1864     5031.5     4360.9
  30.735    1865     5035.9     4360.8
  30.752    1866     5039.8     4359.9
  30.768    1867     5044.0     4358.9
  30.784    1868     5047.5     4358.5
  30.801    1869     5051.2     4357.5
  30.820    1870     5054.7     4356.7
  30.836    1871     5058.1     4356.4
  30.853    1872     5061.2     4355.8
  30.871    1873     5064.2     4353.8
  30.887    1874     5066.8     4353.0
  30.904    1875     5069.0     4352.8
  30.921    1876     5072.0     4352.0
  30.941    1877     5073.1     4357.0
  30.958    1878     5076.1     4356.3
  30.974    1879     5077.9     4356.4
  30.991    1880     5080.5     4356.1
  31.007    1881     5082.5     4355.2
  31.026    1882     5085.3     4355.0
  31.045    1883     5088.0     4354.5
  31.062    1884     5090.9     4353.5
  31.082    1885     5094.3     4353.0
  31.100    1886     5096.5     4354.2
  31.116    1887     5098.8     4354.6
  31.133    1888     5100.1     4354.8
  31.150    1889     5101.5     4355.6
  31.168    1890     5102.8     4356.0
  31.184    1891     5105.1     4356.9
  31.201    1892     5106.9     4357.2
  31.217    1893     5108.9     4357.8
  31.234    1894     5111.2     4358.2
  31.251    1895     5114.3     4358.1
  31.268    1896     5117.2     4358.2
  31.286    1897     5119.1     4358.8
  31.302    1898     5122.1     4358.5
  31.319    1899     5124.6     4359.1
  31.336    1900     5126.3     4358.9
  31.353    1901     5128.4     4359.0
  31.369    1902     5131.0     4358.4
  31.388    1903     5133.4     4357.6
  31.404    1904     5135.8     4357.7
  31.421    1905     5138.6     4358.0
  31.438    1906     5141.7     4358.3
  31.455    1907     5144.4     4358.1
  31.472    1908     5147.1     4358.2
  31.488    1909     5150.4     4358.4
  31.505    1910     5152.6     4358.0
  31.522    1911     5155.8     4358.4
  31.539    1912     5158.5     4359.3
  31.556    1913     5161.7     4359.6
  31.573    1914     5164.7     4359.2
  31.590    1915     5167.6     4359.4
  31.607    1916     5170.7     4359.7
  31.624    1917     5173.5     4359.7
  31.640    1918     5175.7     4359.4
  31.657    1919     5177.5     4358.5
  31.674    1920     5179.8     4358.3
  31.691    1921     5182.1     4357.4
  31.708    1922     5184.3     4356.8
  31.725    1923     5186.5     4356.3
  31.742    1924     5188.7     4355.4
  31.759    1925     5190.7     4355.2
  31.775    1926     5192.0     4354.8
  31.792    1927     5193.6     4354.2
  31.811    1928     5195.1     4353.5
  31.827    1929     5197.1     4353.4
  31.844    1930     5199.1     4353.4
  31.861    1931     5201.2     4353.6
  31.878    1932     5203.3     4353.9
  31.894    1933     5205.8     4353.8
  31.911    1934     5208.2     4353.8
  31.928    1935     5209.6     4353.0
  31.945    1936     5210.8     4352.6
  31.962    1937     5212.6     4352.6
  31.979    1938     5214.0     4352.4
  31.996    1939     5215.8     4351.8
  32.012    1940     5218.1     4351.4
  32.030    1941     5219.7     4350.8
  32.046    1942     5220.9     4350.9
  32.063    1943     5222.4     4350.2
  32.080    1944     5223.8     4350.5
  32.097    1945     5225.0     4350.5
  32.114    1946     5227.2     4349.9
  32.131    1947     5229.4     4350.5
  32.148    1948     5230.8     4350.0
  32.164    1949     5231.7     4350.1
  32.181    1950     5234.2     4350.0
  32.198    1951     5235.6     4349.5
  32.215    1952     5236.6     4349.4
  32.232    1953     5238.7     4348.7
  32.249    1954     5240.5     4348.0
  32.268    1955     5242.7     4348.2
  32.284    1956     5244.8     4347.6
  32.301    1957     5247.0     4346.8
  32.318    1958     5249.1     4346.5
  32.335    1959     5250.9     4345.8
  32.352    1960     5252.6     4345.2
  32.369    1961     5255.0     4344.7
  32.386    1962     5257.6     4344.3
  32.403    1963     5260.1     4344.4
  32.419    1964     5262.8     4344.0
  32.436    1965     5265.0     4343.3
  32.453    1966     5267.3     4342.9
  32.470    1967     5268.7     4342.2
  32.487    1968     5271.7     4341.8
  32.504    1969     5274.1     4341.0
  32.521    1970     5275.8     4340.7
  32.538    1971     5278.2     4340.3
  32.555    1972     5281.2     4338.9
  32.571    1973     5284.3     4339.1
  32.589    1974     5287.5     4339.1
  32.605    1975     5290.2     4338.5
  32.621    1976     5293.4     4338.2
  32.638    1977     5296.4     4338.3
  32.655    1978     5300.0     4337.4
  32.672    1979     5302.7     4336.5
  32.689    1980     5306.6     4335.3
  32.705    1981     5309.1     4334.2
  32.722    1982     5312.1     4332.7
  32.739    1983     5315.0     4331.9
  32.756    1984     5318.3     4330.5
  32.773    1985     5322.4     4329.8
  32.790    1986     5326.0     4328.7
  32.807    1987     5329.7     4326.9
  32.824    1988     5333.6     4325.5
  32.841    1989     5337.9     4324.4
  32.857    1990     5341.6     4323.5
  32.874    1991     5345.7     4322.4
  32.891    1992     5348.9     4321.0
  32.908    1993     5352.6     4320.2
  32.925    1994     5356.0     4319.3
  32.942    1995     5359.9     4317.6
  32.959    1996     5363.2     4316.3
  32.976    1997     5366.4     4315.0
  32.992    1998     5370.0     4314.2
  33.009    1999     5373.6     4313.0
  33.026    2000     5378.4     4312.2
  33.043    2001     5382.1     4311.5
  33.060    2002     5385.2     4309.8
  33.077    2003     5389.2     4309.0
  33.094    2004     5391.8     4307.4
  33.111    2005     5395.3     4306.0
  33.127    2006     5398.9     4304.6
  33.146    2007     5402.7     4302.7
  33.162    2008     5405.0     4300.6
  33.179    2009     5407.9     4299.2
  33.196    2010     5410.7     4298.0
  33.213    2011     5414.5     4297.0
  33.231    2012     5417.9     4295.0
  33.249    2013     5420.8     4293.2
  33.265    2014     5422.8     4291.4
  33.282    2015     5424.5     4289.5
  33.302    2016     5426.5     4288.0
  33.319    2017     5429.2     4286.7
  33.337    2018     5431.5     4284.8
  33.353    2019     5433.1     4283.5
  33.370    2020     5436.7     4282.1
  33.390    2021     5440.4     4280.6
  33.405    2022     5442.8     4279.1
  33.422    2023     5446.2     4277.6
  33.439    2024     5449.5     4276.1
  33.456    2025     5452.5     4275.2
  33.473    2026     5455.3     4274.1
  33.489    2027     5457.3     4272.7
  33.506    2028     5459.9     4271.1
  33.523    2029     5462.2     4269.4
  33.539    2030     5463.8     4267.1
  33.557    2031     5466.7     4265.0
  33.574    2032     5469.0     4263.5
  33.591    2033     5470.8     4261.4
  33.608    2034     5472.7     4259.9
  33.625    2035     5475.3     4258.9
  33.640    2036     5477.3     4256.9
  33.658    2037     5479.9     4254.8
  33.674    2038     5482.1     4252.7
  33.691    2039     5483.9     4250.3
  33.707    2040     5485.1     4248.1
  33.725    2041     5487.2     4246.4
  33.741    2042     5489.3     4245.2
  33.759    2043     5491.5     4244.0
  33.775    2044     5492.7     4242.1
  33.792    2045     5494.6     4241.2
  33.811    2046     5496.8     4239.7
  33.826    2047     5499.2     4237.5
  33.843    2048     5502.6     4236.1
  33.866    2049     5506.1     4233.7
  33.882    2050     5509.4     4232.4
  33.899    2051     5512.4     4230.7
  33.916    2052     5514.5     4229.8
  33.936    2053     5516.8     4228.3
  33.953    2054     5519.6     4226.3
  33.970    2055     5522.3     4225.0
  33.986    2056     5525.2     4223.2
  34.003    2057     5527.9     4220.9
  34.020    2058     5530.3     4218.3
  34.037    2059     5533.6     4217.3
  34.054    2060     5536.6     4216.4
  34.072    2061     5540.2     4215.1
  34.089    2062     5544.2     4213.7
  34.106    2063     5547.9     4212.4
  34.122    2064     5550.4     4210.3
  34.139    2065     5553.7     4208.4
  34.156    2066     5556.0     4206.4
  34.173    2067     5558.5     4204.2
  34.192    2068     5561.6     4202.8
  34.211    2069     5564.0     4201.6
  34.227    2070     5566.4     4199.8
  34.246    2071     5568.5     4198.3
  34.262    2072     5571.7     4196.8
  34.279    2073     5575.1     4194.9
  34.295    2074     5578.1     4193.6
  34.313    2075     5580.8     4192.2
  34.330    2076     5583.5     4191.8
  34.347    2077     5586.8     4190.3
  34.363    2078     5589.4     4189.1
  34.381    2079     5592.1     4187.9
  34.397    2080     5594.9     4186.8
  34.415    2081     5597.5     4185.9
  34.431    2082     5600.8     4184.5
  34.449    2083     5603.9     4182.9
  34.466    2084     5606.5     4181.6
  34.482    2085     5609.3     4180.0
  34.499    2086     5612.0     4179.5
  34.516    2087     5614.3     4178.7
  34.533    2088     5617.5     4178.0
  34.550    2089     5620.3     4176.4
  34.567    2090     5623.6     4175.4
  34.583    2091     5626.3     4174.6
  34.601    2092     5628.6     4172.9
  34.617    2093     5631.3     4171.9
  34.633    2094     5633.8     4170.8
  34.651    2095     5636.5     4170.1
  34.668    2096     5639.2     4169.3
  34.685    2097     5641.7     4168.6
  34.702    2098     5643.9     4168.2
  34.719    2099     5646.5     4166.9
  34.735    2100     5648.7     4166.0
  34.752    2101     5651.5     4165.2
  34.769    2102     5653.6     4164.9
  34.786    2103     5656.1     4164.6
  34.803    2104     5658.2     4163.9
  34.820    2105     5660.5     4163.1
  34.837    2106     5662.5     4162.5
  34.854    2107     5664.6     4162.4
  34.871    2108     5667.4     4161.9
  34.887    2109     5670.0     4161.3
  34.906    2110     5672.7     4161.6
  34.922    2111     5674.4     4162.0
  34.939    2112     5676.6     4162.0
  34.956    2113     5679.0     4161.6
  34.973    2114     5681.0     4161.9
  34.990    2115     5682.9     4161.6
  35.006    2116     5685.2     4161.6
  35.023    2117     5687.4     4161.1
  35.040    2118     5690.7     4161.1
  35.057    2119     5693.3     4161.5
  35.074    2120     5694.6     4160.7
  35.091    2121     5696.5     4160.4
  35.109    2122     5698.4     4160.3
  35.126    2123     5700.4     4160.1
  35.143    2124     5702.6     4159.2
  35.159    2125     5704.3     4158.8
  35.176    2126     5705.5     4158.0
  35.192    2127     5712.2     4160.6
  35.208    2128     5714.0     4159.6
  35.225    2129     5716.4     4159.3
  35.242    2130     5718.4     4158.0
  35.259    2131     5719.8     4157.5
  35.276    2132     5721.7     4156.1
  35.292    2133     5722.9     4155.5
  35.309    2134     5724.9     4155.5
  35.326    2135     5726.7     4155.2
  35.342    2136     5728.0     4155.0
  35.359    2137     5735.6     4157.8
  35.376    2138     5737.7     4157.0
  35.393    2139     5739.8     4155.6
  35.409    2140     5742.7     4154.5
  35.426    2141     5745.5     4153.0
  35.443    2142     5748.6     4150.9
  35.459    2143     5751.5     4150.2
  35.476    2144     5753.1     4149.2
  35.493    2145     5756.0     4147.9
  35.510    2146     5758.3     4146.4
  35.527    2147     5761.6     4145.4
  35.544    2148     5765.0     4144.4
  35.561    2149     5767.9     4143.1
  35.577    2150     5770.3     4141.3
  35.594    2151     5772.7     4140.0
  35.611    2152     5775.5     4139.3
  35.628    2153     5777.2     4138.1
  35.645    2154     5780.2     4137.6
  35.662    2155     5783.3     4137.0
  35.678    2156     5786.3     4136.1
  35.695    2157     5788.6     4134.4
  35.712    2158     5790.9     4133.6
  35.728    2159     5793.8     4132.7
  35.745    2160     5796.1     4131.2
  35.762    2161     5798.6     4130.0
  35.779    2162     5800.7     4128.8
  35.796    2163     5803.5     4128.2
  35.813    2164     5806.4     4127.4
  35.830    2165     5809.3     4126.8
  35.847    2166     5812.2     4125.7
  35.863    2167     5815.3     4125.4
  35.880    2168     5818.4     4125.4
  35.897    2169     5821.2     4124.5
  35.914    2170     5824.3     4123.9
  35.931    2171     5827.5     4123.8
  35.948    2172     5830.3     4123.6
  35.965    2173     5832.8     4123.4
  35.982    2174     5836.0     4122.7
  35.998    2175     5838.4     4122.6
  36.015    2176     5841.5     4122.9
  36.032    2177     5843.2     4123.0
  36.049    2178     5846.9     4123.0
  36.066    2179     5850.0     4122.6
  36.083    2180     5852.4     4123.3
  36.100    2181     5855.6     4123.1
  36.117    2182     5857.6     4123.7
  36.133    2183     5859.1     4123.7
  36.150    2184     5861.3     4124.0
  36.167    2185     5864.8     4124.0
  36.184    2186     5868.2     4124.3
  36.201    2187     5870.5     4124.6
  36.218    2188     5872.9     4124.5
  36.235    2189     5875.3     4124.6
  36.252    2190     5878.0     4124.4
  36.268    2191     5880.5     4124.3
  36.285    2192     5883.0     4124.4
  36.302    2193     5885.4     4124.2
  36.319    2194     5887.7     4124.8
  36.336    2195     5890.2     4125.7
  36.353    2196     5892.3     4125.8
  36.370    2197     5894.7     4126.0
  36.387    2198     5896.7     4125.9
  36.404    2199     5898.1     4126.4
  36.420    2200     5900.3     4127.4
  36.437    2201     5902.7     4127.6
  36.454    2202     5905.3     4127.7
  36.471    2203     5907.5     4127.9
  36.488    2204     5909.8     4127.8
  36.505    2205     5911.7     4127.7
  36.522    2206     5913.9     4127.5
  36.539    2207     5916.3     4127.2
  36.555    2208     5918.1     4127.2
  36.572    2209     5919.7     4127.3
  36.591    2210     5921.4     4127.4
  36.607    2211     5923.4     4127.3
  36.626    2212     5925.3     4127.1
  36.642    2213     5926.8     4126.4
  36.659    2214     5928.1     4126.7
  36.676    2215     5929.5     4126.7
  36.693    2216     5931.1     4126.3
  36.710    2217     5932.6     4126.1
  36.727    2218     5934.5     4125.8
  36.744    2219     5935.9     4126.1
  36.760    2220     5938.0     4126.2
  36.777    2221     5940.2     4126.0
  36.794    2222     5941.8     4125.9
  36.810    2223     5943.3     4126.0
  36.827    2224     5945.7     4125.7
  36.844    2225     5947.4     4125.1
  36.861    2226     5948.8     4125.1
  36.878    2227     5950.5     4125.4
  36.895    2228     5952.1     4125.1
  36.912    2229     5953.5     4125.2
  36.929    2230     5955.1     4125.3
  36.945    2231     5956.3     4125.4
  36.962    2232     5957.5     4125.1
  36.979    2233     5959.2     4124.5
  36.996    2234     5960.6     4124.3
  37.013    2235     5962.3     4123.9
  37.030    2236     5963.9     4124.0
  37.047    2237     5964.8     4123.9
  37.065    2238     5966.0     4124.0
  37.081    2239     5966.8     4124.1
  37.100    2240     5967.2     4124.2
  37.116    2241     5968.5     4123.9
  37.133    2242     5970.2     4123.6
  37.150    2243     5970.9     4123.7
  37.167    2244     5972.2     4123.4
  37.183    2245     5973.2     4123.3
  37.200    2246     5974.7     4122.8
  37.216    2247     5975.1     4123.1
  37.233    2248     5976.5     4122.6
  37.250    2249     5977.3     4122.9
  37.267    2250     5979.2     4122.5
  37.284    2251     5980.6     4122.9
  37.301    2252     5981.9     4123.2
  37.318    2253     5983.2     4123.4
  37.335    2254     5984.0     4123.3
  37.351    2255     5985.3     4123.5
  37.368    2256     5986.6     4123.7
  37.386    2257     5987.5     4123.1
  37.402    2258     5988.2     4123.0
  37.419    2259     5989.2     4123.1
  37.436    2260     5989.7     4123.0
  37.453    2261     5990.8     4123.1
  37.470    2262     5991.4     4123.0
  37.486    2263     5991.7     4122.2
  37.503    2264     5992.0     4122.0
  37.520    2265     5993.1     4121.7
  37.537    2266     5993.2     4121.4
  37.554    2267     5994.3     4120.5
  37.571    2268     5994.7     4120.5
  37.588    2269     5996.1     4120.2
  37.605    2270     5996.6     4120.0
  37.621    2271     5997.5     4120.1
  37.638    2272     5997.6     4120.0
  37.655    2273     5997.5     4119.7
  37.672    2274     5997.0     4119.4
  37.689    2275     5997.0     4119.4
  37.706    2276     5997.6     4118.7
  37.723    2277     5998.2     4118.5
  37.740    2278     5998.9     4118.3
  37.757    2279     5998.9     4118.1
  37.773    2280     5999.8     4117.9
  37.790    2281     6000.4     4117.7
  37.807    2282     6000.9     4117.6
  37.824    2283     6002.1     4117.3
  37.841    2284     6003.1     4117.5
  37.858    2285     6003.5     4117.6
  37.875    2286     6004.1     4116.7
  37.892    2287     6005.2     4117.2
  37.908    2288     6006.1     4117.1
  37.925    2289     6006.9     4116.8
  37.942    2290     6007.4     4115.9
  37.959    2291     6007.8     4115.7
  37.976    2292     6007.8     4115.5
  37.993    2293     6008.3     4115.3
  38.010    2294     6008.8     4115.4
  38.028    2295     6009.2     4115.6
  38.044    2296     6009.8     4115.3
  38.061    2297     6010.1     4115.0
  38.078    2298     6010.4     4114.7
  38.095    2299     6010.9     4114.9
  38.114    2300     6011.5     4114.6
  38.130    2301     6012.5     4114.9
  38.147    2302     6012.4     4115.1
  38.163    2303     6013.1     4115.0
  38.180    2304     6012.4     4114.5
  38.197    2305     6013.3     4114.3
  38.214    2306     6014.1     4113.9
  38.231    2307     6014.3     4114.4
  38.248    2308     6015.0     4114.5
  38.265    2309     6015.3     4114.0
  38.282    2310     6015.5     4113.8
  38.298    2311     6015.6     4113.8
  38.315    2312     6015.5     4113.7
  38.332    2313     6016.6     4113.4
  38.349    2314     6017.8     4113.8
  38.366    2315     6017.6     4113.7
  38.383    2316     6017.9     4113.4
  38.401    2317     6018.9     4113.0
  38.417    2318     6020.1     4113.6
  38.433    2319     6020.2     4113.8
  38.450    2320     6020.3     4114.5
  38.467    2321     6021.3     4114.2
  38.484    2322     6021.2     4114.2
  38.501    2323     6022.0     4115.1
  38.518    2324     6022.9     4115.0
  38.535    2325     6022.8     4114.8
  38.552    2326     6022.2     4114.6
  38.568    2327     6022.2     4114.9
  38.585    2328     6021.6     4114.4
  38.602    2329     6021.6     4114.1
  38.619    2330     6021.9     4113.9
  38.636    2331     6022.1     4114.1
  38.653    2332     6023.1     4113.6
  38.670    2333     6024.1     4113.9
  38.687    2334     6024.8     4113.9
[ROBOT] Đã dừng điều khiển xe.

[✓] Dừng. 2334 frames. Log → realtime_log.csv
