KF — UWB Realtime
  Q=0.01 mm²   R=50.0 mm²
  Anchors : ['0x1001', '0x1002', '0x1003', '0x1004']
  Height  : 1400.0 mm

Đang kết nối /dev/serial/by-id/usb-SEGGER_J-Link_000760192143-if00 @ 921600...
OK. Đang chờ dữ liệu... (Ctrl+C để dừng)

[ROBOT] Đã kết nối STM32 @ /dev/serial/by-id/usb-STMicroelectronics_BLUEPILL_F103C8_CDC_in_FS_Mode_498E169E3634-if00. Điều khiển xe bắt đầu.
 Time(s)   Frame      X(mm)      Y(mm)
----------------------------------------
[KF] init  x=99.5  y=861.9
   0.002       1       61.3      974.1
   0.005       2       79.2     1103.3
   0.007       3       80.7     1148.9
   0.010       4       70.4     1171.6
   0.013       5       69.2     1185.9
   0.016       6       75.3     1157.3
   0.019       7       79.1     1159.0
   0.022       8       72.7     1162.9
   0.024       9       67.8     1167.2
   0.027      10       76.1     1100.9
   0.030      11       78.2     1112.4
   0.033      12       80.0     1103.1
   0.036      13       81.8     1093.7
   0.038      14       81.5     1105.8
   0.041      15       81.4     1111.9
   0.044      16       79.7     1113.8
   0.047      17       78.5     1122.8
   0.049      18       78.6     1117.1
   0.052      19       77.9     1123.1
   0.055      20       74.6     1127.8
   0.058      21       76.4     1132.6
   0.060      22       76.3     1136.3
   0.063      23       76.1     1139.8
   0.066      24       75.7     1142.8
   0.069      25       75.6     1147.9
   0.071      26       76.0     1151.4
   0.074      27       75.3     1154.0
   0.077      28       74.8     1156.5
   0.080      29       75.6     1159.9
   0.082      30       74.9     1163.4
   0.085      31       74.7     1165.8
   0.088      32       73.6     1168.0
   0.091      33       74.8     1164.6
   0.093      34       75.7     1166.1
   0.096      35       76.5     1159.7
   0.099      36       75.9     1162.4
   0.102      37       76.1     1156.4
   0.104      38       75.4     1158.2
   0.107      39       75.4     1160.4
   0.110      40       76.3     1163.0
   0.112      41       76.9     1164.5
   0.115      42       77.5     1166.5
   0.118      43       78.0     1168.0
   0.121      44       79.2     1169.6
   0.123      45       79.1     1170.5
   0.126      46       78.9     1173.7
   0.129      47       78.7     1175.9
   0.131      48       79.1     1170.4
   0.134      49       78.8     1171.0
   0.137      50       78.5     1173.3
   0.140      51       78.7     1174.7
   0.142      52       78.0     1176.3
   0.145      53       77.8     1177.9
   0.148      54       77.8     1178.0
   0.151      55       78.1     1179.9
   0.153      56       77.8     1180.5
   0.156      57       77.8     1181.6
   0.159      58       76.8     1183.0
   0.162      59       76.7     1185.0
   0.164      60       77.1     1185.9
   0.167      61       76.3     1187.1
   0.170      62       77.1     1188.4
   0.173      63       76.7     1188.8
   0.175      64       76.9     1189.5
   0.184      65       77.0     1186.4
   0.200      66       77.4     1187.3
   0.217      67       77.6     1187.8
   0.234      68       78.7     1187.8
   0.251      69       79.2     1188.1
   0.268      70       79.4     1183.7
   0.285      71       80.0     1184.8
   0.302      72       80.9     1185.3
   0.319      73       81.3     1186.2
   0.336      74       82.5     1186.5
   0.352      75       84.0     1182.2
   0.369      76       85.4     1182.6
   0.386      77       87.0     1178.0
   0.403      78       87.4     1178.3
   0.420      79       88.3     1174.0
   0.437      80       90.0     1169.4
   0.454      81       91.5     1165.7
   0.471      82       93.4     1161.8
   0.487      83       95.4     1158.0
   0.504      84       97.5     1154.6
   0.521      85       98.9     1150.6
   0.538      86      101.3     1147.5
   0.555      87      103.3     1149.7
   0.572      88      105.6     1146.6
   0.589      89      107.4     1143.1
   0.610      90      109.3     1134.3
   0.631      91      111.3     1131.4
   0.651      92      113.2     1127.6
   0.670      93      115.1     1123.5
   0.688      94      116.9     1119.7
   0.706      95      118.1     1120.8
   0.722      96      119.8     1118.4
   0.739      97      121.8     1116.5
   0.756      98      124.0     1119.4
   0.773      99      126.8     1122.3
   0.792     100      129.2     1125.6
   0.812     101      131.4     1123.5
   0.830     102      133.2     1121.6
   0.846     103      135.7     1123.7
   0.863     104      138.3     1125.4
   0.880     105      140.1     1122.3
   0.896     106      144.0     1124.5
   0.913     107      147.3     1121.5
   0.930     108      150.8     1123.9
   0.947     109      154.0     1126.2
   0.963     110      156.6     1127.6
   0.980     111      159.7     1130.6
   0.997     112      162.8     1127.7
   1.014     113      165.4     1124.7
   1.031     114      168.0     1128.1
   1.047     115      170.8     1130.4
   1.064     116      173.9     1132.7
   1.081     117      176.5     1135.6
   1.098     118      179.9     1137.8
   1.115     119      182.1     1141.2
   1.132     120      184.8     1143.7
   1.149     121      188.1     1145.7
   1.166     122      190.9     1147.8
   1.182     123      192.9     1150.1
   1.199     124      195.4     1152.4
   1.216     125      197.9     1153.9
   1.233     126      201.0     1155.8
   1.250     127      204.3     1158.1
   1.267     128      207.6     1159.7
   1.284     129      210.1     1161.2
   1.301     130      213.2     1162.0
   1.318     131      216.5     1163.7
   1.334     132      219.5     1165.0
   1.351     133      222.9     1166.6
   1.368     134      225.7     1167.0
   1.385     135      229.4     1168.6
   1.404     136      232.7     1170.0
   1.420     137      235.9     1171.7
   1.437     138      238.4     1173.0
   1.454     139      241.2     1174.2
   1.469     140      244.9     1175.5
   1.486     141      248.3     1176.8
   1.506     142      250.6     1177.7
   1.522     143      253.7     1178.5
   1.538     144      256.6     1179.0
   1.556     145      258.7     1174.6
   1.572     146      261.5     1175.0
   1.589     147      264.3     1177.1
   1.605     148      266.1     1173.1
   1.622     149      269.0     1174.3
   1.639     150      271.5     1174.6
   1.656     151      274.7     1174.7
   1.673     152      277.0     1176.1
   1.690     153      280.2     1176.9
   1.709     154      282.9     1177.3
   1.725     155      286.0     1177.2
   1.743     156      287.6     1172.8
   1.759     157      290.3     1173.1
   1.776     158      292.6     1173.1
   1.793     159      294.9     1173.2
   1.810     160      297.7     1173.0
   1.829     161      300.7     1172.1
   1.845     162      303.7     1172.2
   1.863     163      304.0     1167.0
   1.879     164      305.2     1166.5
   1.897     165      306.5     1166.3
   1.913     166      308.0     1167.0
   1.930     167      309.4     1167.0
   1.949     168      310.4     1166.8
   1.965     169      310.8     1166.0
   1.982     170      311.4     1166.7
   1.999     171      311.0     1162.6
   2.015     172      311.5     1162.0
   2.032     173      312.8     1161.9
   2.049     174      314.0     1162.2
   2.066     175      315.4     1162.3
   2.083     176      315.9     1158.7
   2.100     177      318.5     1159.7
   2.117     178      320.9     1160.6
   2.134     179      322.3     1160.7
   2.150     180      324.0     1161.1
   2.169     181      325.9     1162.5
   2.185     182      327.6     1163.0
   2.201     183      329.4     1164.9
   2.218     184      330.2     1164.5
   2.236     185      331.4     1164.3
   2.253     186      333.1     1164.5
   2.270     187      334.4     1164.4
   2.286     188      335.4     1164.5
   2.302     189      336.2     1164.7
   2.319     190      336.7     1165.5
   2.336     191      337.5     1165.7
   2.353     192      338.5     1165.8
   2.370     193      340.1     1166.6
   2.387     194      343.0     1168.9
   2.404     195      344.5     1170.0
   2.422     196      346.1     1171.1
   2.437     197      350.6     1172.9
   2.454     198      353.2     1174.4
   2.471     199      356.3     1176.8
   2.488     200      360.2     1179.2
   2.505     201      362.8     1181.4
   2.522     202      364.5     1183.2
   2.539     203      365.7     1184.1
   2.556     204      367.2     1185.4
   2.573     205      367.1     1186.4
   2.589     206      367.9     1187.6
   2.605     207      368.3     1188.4
   2.622     208      369.6     1189.7
   2.639     209      370.5     1191.3
   2.656     210      371.1     1192.1
   2.673     211      372.3     1193.4
   2.690     212      374.4     1194.5
   2.708     213      376.6     1195.6
   2.724     214      379.0     1197.6
   2.744     215      380.4     1198.2
   2.760     216      381.5     1196.0
   2.779     217      383.9     1193.6
   2.797     218      384.3     1186.5
   2.813     219      386.1     1183.1
   2.831     220      387.4     1174.8
   2.847     221      390.5     1172.6
   2.864     222      393.7     1174.6
   2.880     223      394.3     1167.0
   2.899     224      397.5     1169.3
   2.917     225      397.8     1162.6
   2.933     226      400.2     1161.1
   2.951     227      400.9     1154.0
   2.969     228      401.6     1147.0
   2.985     229      404.6     1146.1
   3.002     230      405.5     1139.8
   3.019     231      408.7     1136.3
   3.036     232      412.8     1138.8
   3.053     233      413.8     1133.0
   3.070     234      415.3     1126.7
   3.088     235      417.4     1124.2
   3.104     236      420.0     1123.2
   3.121     237      421.6     1120.6
   3.138     238      423.9     1119.2
   3.155     239      424.4     1112.6
   3.172     240      425.6     1106.4
   3.189     241      427.0     1104.8
   3.207     242      431.2     1107.4
   3.224     243      433.3     1106.6
   3.240     244      436.1     1110.1
   3.257     245      438.3     1109.2
   3.274     246      441.2     1107.8
   3.291     247      445.4     1110.4
   3.308     248      447.6     1108.9
   3.325     249      448.1     1103.5
   3.342     250      450.0     1102.2
   3.359     251      451.3     1098.2
   3.376     252      450.9     1092.4
   3.392     253      451.6     1087.3
   3.409     254      451.7     1081.7
   3.426     255      453.7     1081.0
   3.443     256      456.3     1080.2
   3.460     257      458.0     1078.4
   3.477     258      459.3     1073.5
   3.494     259      460.9     1069.7
   3.511     260      464.1     1068.8
   3.527     261      465.4     1064.9
   3.544     262      467.2     1059.3
   3.561     263      468.7     1055.3
   3.578     264      471.6     1055.4
   3.595     265      475.4     1055.5
   3.612     266      476.6     1050.2
   3.629     267      478.1     1044.4
   3.646     268      480.4     1039.6
   3.662     269      481.8     1035.1
   3.681     270      483.4     1030.5
   3.697     271      484.5     1026.3
   3.714     272      488.6     1028.2
   3.731     273      493.8     1027.7
   3.748     274      496.2     1022.5
   3.765     275      500.4     1022.4
   3.782     276      504.4     1022.5
   3.798     277      508.6     1021.8
   3.815     278      512.8     1022.6
   3.832     279      515.9     1018.5
   3.849     280      521.3     1022.8
   3.866     281      522.6     1018.4
   3.883     282      524.3     1014.6
   3.899     283      529.6     1019.6
   3.917     284      530.9     1015.6
   3.933     285      535.0     1016.5
   3.950     286      538.6     1017.8
   3.966     287      543.6     1022.1
   3.983     288      547.6     1025.0
   4.000     289      546.9     1025.8
   4.018     290      551.6     1028.6
   4.034     291      555.5     1029.5
   4.052     292      558.5     1030.1
   4.069     293      560.0     1028.1
   4.087     294      563.4     1028.6
   4.103     295      568.0     1033.3
   4.120     296      573.2     1036.1
   4.137     297      577.9     1035.7
   4.154     298      582.0     1034.7
   4.170     299      583.3     1032.3
   4.187     300      587.2     1030.0
   4.205     301      591.4     1028.5
   4.221     302      596.4     1024.4
   4.237     303      600.1     1022.8
   4.254     304      605.5     1018.3
   4.272     305      609.0     1014.3
   4.289     306      614.5     1011.7
   4.306     307      613.3     1006.3
   4.323     308      609.2      999.5
   4.341     309      610.5      994.8
   4.357     310      611.6      991.9
   4.374     311      612.1      987.6
   4.391     312      614.1      983.4
   4.408     313      614.9      979.4
   4.426     314      615.4      977.1
   4.442     315      615.9      974.2
   4.460     316      618.1      970.0
   4.477     317      618.9      966.1
   4.493     318      620.2      961.9
   4.510     319      621.0      957.8
   4.527     320      623.5      953.6
   4.546     321      625.3      949.6
   4.562     322      626.8      945.9
   4.579     323      627.3      941.4
   4.596     324      627.3      937.9
   4.613     325      624.7      932.7
   4.629     326      621.7      927.1
   4.646     327      618.6      920.4
   4.663     328      616.2      914.2
   4.680     329      612.4      908.7
   4.698     330      609.7      903.6
   4.714     331      606.9      897.9
   4.731     332      604.2      891.7
   4.748     333      601.8      885.5
   4.764     334      599.0      878.9
   4.781     335      596.1      874.1
   4.798     336      593.2      867.7
   4.815     337      593.5      868.2
   4.832     338      590.3      866.3
   4.849     339      594.2      863.3
   4.869     340      598.9      861.4
   4.885     341      609.9      863.0
   4.902     342      612.2      864.4
   4.919     343      618.6      865.5
   4.936     344      625.2      874.2
   4.953     345      632.1      883.2
   4.970     346      640.0      891.5
   4.987     347      645.9      899.8
   5.004     348      651.9      908.8
   5.020     349      658.9      917.7
   5.037     350      664.6      924.4
   5.054     351      671.5      932.3
   5.071     352      677.6      938.9
   5.088     353      683.4      945.6
   5.105     354      688.0      952.0
   5.122     355      693.0      958.0
   5.139     356      697.3      962.9
   5.156     357      703.1      968.0
   5.172     358      708.2      973.9
   5.189     359      713.9      979.9
   5.207     360      719.3      985.3
   5.223     361      724.1      991.5
   5.240     362      730.1      995.4
   5.257     363      737.5      996.5
   5.274     364      742.9     1001.9
   5.291     365      748.1     1005.9
   5.308     366      755.6     1005.7
   5.324     367      761.3     1009.5
   5.341     368      768.3     1009.0
   5.358     369      775.2     1008.8
   5.375     370      782.0     1007.7
   5.392     371      787.8     1011.4
   5.409     372      795.4     1009.9
   5.426     373      801.9     1008.6
   5.443     374      806.8     1011.9
   5.460     375      811.9     1014.7
   5.476     376      819.4     1014.1
   5.493     377      824.4     1016.8
   5.510     378      831.3     1019.7
   5.527     379      836.9     1022.6
   5.544     380      842.4     1024.9
   5.561     381      847.2     1027.1
   5.578     382      852.7     1029.6
   5.595     383      858.7     1030.0
   5.611     384      863.3     1032.1
   5.628     385      868.1     1033.1
   5.645     386      874.1     1035.6
   5.664     387      878.9     1037.3
   5.680     388      884.0     1038.4
   5.697     389      888.5     1038.9
   5.715     390      893.4     1040.0
   5.733     391      899.4     1041.2
   5.749     392      905.3     1042.4
   5.766     393      910.6     1041.8
   5.783     394      915.8     1041.9
   5.800     395      921.1     1042.6
   5.819     396      926.7     1042.9
   5.836     397      932.0     1043.6
   5.853     398      936.9     1044.9
   5.869     399      943.5     1045.9
   5.886     400      949.7     1046.2
   5.903     401      955.7     1047.2
   5.920     402      961.3     1047.6
   5.937     403      966.9     1048.1
   5.954     404      972.4     1049.2
   5.971     405      977.6     1049.1
   5.991     406      983.6     1050.4
   6.007     407      988.9     1051.1
   6.024     408      993.8     1050.5
   6.041     409      999.2     1049.8
   6.058     410     1004.1     1049.8
   6.075     411     1009.1     1049.9
   6.093     412     1014.3     1050.0
   6.110     413     1020.1     1049.0
   6.127     414     1025.4     1048.6
   6.143     415     1030.3     1048.7
   6.160     416     1036.2     1047.5
   6.177     417     1041.8     1046.8
   6.194     418     1046.1     1046.1
   6.210     419     1051.9     1046.0
   6.227     420     1056.9     1045.4
   6.244     421     1061.7     1044.8
   6.261     422     1065.9     1043.7
   6.277     423     1070.7     1042.6
   6.294     424     1075.5     1042.2
   6.311     425     1079.9     1041.2
   6.328     426     1083.8     1040.6
   6.345     427     1088.9     1041.2
   6.362     428     1093.0     1041.9
   6.379     429     1097.3     1042.1
   6.396     430     1101.4     1042.7
   6.413     431     1105.6     1043.4
   6.429     432     1110.4     1043.3
   6.446     433     1114.3     1043.5
   6.463     434     1118.4     1043.6
   6.480     435     1123.4     1044.1
   6.497     436     1127.1     1043.1
   6.514     437     1131.9     1042.2
   6.531     438     1136.0     1042.4
   6.548     439     1139.8     1042.0
   6.564     440     1143.8     1040.9
   6.581     441     1146.2     1039.2
   6.598     442     1148.9     1039.5
   6.615     443     1152.1     1039.6
   6.632     444     1155.8     1039.8
   6.649     445     1159.4     1040.7
   6.666     446     1162.5     1041.4
   6.683     447     1165.4     1041.3
   6.700     448     1167.3     1041.4
   6.716     449     1169.7     1041.6
   6.733     450     1173.8     1042.1
   6.750     451     1177.1     1043.2
   6.767     452     1183.1     1038.9
   6.784     453     1186.4     1039.1
   6.801     454     1189.4     1040.1
   6.818     455     1193.4     1040.1
   6.835     456     1198.1     1039.8
   6.851     457     1201.4     1039.6
   6.870     458     1204.5     1039.9
   6.886     459     1207.4     1040.1
   6.903     460     1209.1     1039.9
   6.920     461     1211.0     1038.1
   6.937     462     1215.1     1031.7
   6.953     463     1218.6     1024.7
   6.970     464     1220.8     1020.1
   6.987     465     1222.8     1012.9
   7.002     466     1225.0     1007.3
   7.019     467     1226.9     1000.7
   7.037     468     1229.3      995.1
   7.053     469     1232.5      989.5
   7.071     470     1234.2      984.2
   7.087     471     1238.4      980.8
   7.105     472     1242.4      975.9
   7.121     473     1246.0      971.4
   7.139     474     1250.1      967.8
   7.154     475     1255.1      963.4
   7.171     476     1259.7      959.4
   7.188     477     1264.1      955.9
   7.206     478     1268.7      952.1
   7.222     479     1273.7      948.5
   7.239     480     1278.4      944.1
   7.257     481     1283.8      940.4
   7.274     482     1288.7      937.3
   7.289     483     1293.7      934.3
   7.306     484     1298.4      932.1
   7.323     485     1303.2      928.5
   7.340     486     1307.8      925.3
   7.357     487     1311.8      922.8
   7.374     488     1316.9      919.8
   7.391     489     1321.7      918.8
   7.408     490     1326.0      917.2
   7.426     491     1329.9      916.3
   7.444     492     1333.3      915.4
   7.460     493     1336.1      914.2
   7.477     494     1339.1      913.0
   7.494     495     1342.6      910.1
   7.511     496     1346.0      909.3
   7.529     497     1350.1      907.1
   7.546     498     1354.3      905.3
   7.564     499     1357.9      903.3
   7.581     500     1362.0      901.9
   7.598     501     1366.7      900.2
   7.615     502     1371.1      896.3
   7.632     503     1376.2      894.1
   7.649     504     1381.0      892.2
   7.666     505     1385.5      889.2
   7.682     506     1388.4      889.6
   7.698     507     1393.5      886.4
   7.715     508     1398.5      882.4
   7.732     509     1403.6      879.4
   7.749     510     1409.1      875.2
   7.766     511     1414.8      871.5
   7.783     512     1418.2      871.9
   7.801     513     1423.6      867.6
   7.819     514     1429.0      863.7
   7.837     515     1432.2      863.9
   7.855     516     1434.6      864.0
   7.871     517     1437.0      864.9
   7.891     518     1437.9      868.0
   7.908     519     1439.6      870.9
   7.925     520     1441.5      874.3
   7.949     521     1443.4      877.9
   7.965     522     1444.6      881.0
   7.981     523     1446.3      883.7
   7.999     524     1447.8      885.9
   8.015     525     1450.4      886.6
   8.032     526     1452.7      887.0
   8.049     527     1453.8      888.7
   8.066     528     1456.5      890.7
   8.083     529     1457.8      893.4
   8.100     530     1459.9      895.0
   8.117     531     1462.1      897.6
   8.134     532     1464.8      899.6
   8.150     533     1466.5      901.9
   8.169     534     1468.9      904.4
   8.185     535     1471.1      907.1
   8.202     536     1473.4      909.5
   8.219     537     1475.9      911.0
   8.236     538     1477.4      914.2
   8.254     539     1479.7      916.3
   8.271     540     1481.6      918.8
   8.287     541     1484.1      921.3
   8.306     542     1485.8      922.9
   8.322     543     1486.8      925.1
   8.341     544     1486.8      927.9
   8.357     545     1487.9      930.9
   8.374     546     1490.3      932.9
   8.391     547     1491.3      935.2
   8.408     548     1493.7      935.8
   8.424     549     1495.5      936.2
   8.441     550     1498.1      937.4
   8.458     551     1501.2      935.5
   8.475     552     1503.0      935.5
   8.492     553     1508.4      930.8
   8.509     554     1512.0      928.3
   8.526     555     1514.9      927.5
   8.544     556     1518.5      925.3
   8.560     557     1522.3      923.2
   8.577     558     1526.2      921.5
   8.596     559     1529.4      920.2
   8.614     560     1533.1      918.7
   8.630     561     1537.3      916.4
   8.647     562     1542.1      912.8
   8.664     563     1547.3      909.2
   8.684     564     1552.2      906.3
   8.700     565     1556.9      903.0
   8.719     566     1562.0      899.9
   8.738     567     1567.1      896.9
   8.756     568     1572.4      894.4
   8.774     569     1577.1      891.1
   8.790     570     1582.8      887.5
   8.807     571     1588.3      884.5
   8.826     572     1593.9      880.8
   8.842     573     1599.8      876.9
   8.859     574     1602.5      876.2
   8.876     575     1606.2      875.7
   8.892     576     1612.4      871.5
   8.909     577     1616.6      870.8
   8.926     578     1618.8      872.4
   8.946     579     1622.9      872.1
   8.963     580     1626.8      871.5
   8.981     581     1630.4      872.9
   8.997     582     1633.9      874.2
   9.014     583     1635.7      877.6
   9.031     584     1638.6      881.5
   9.048     585     1641.4      884.7
   9.065     586     1644.9      887.3
   9.082     587     1647.8      891.1
   9.099     588     1652.3      890.6
   9.116     589     1656.3      890.9
   9.133     590     1661.2      890.2
   9.149     591     1666.2      887.5
   9.166     592     1672.0      885.3
   9.183     593     1676.1      883.4
   9.200     594     1680.4      881.6
   9.217     595     1685.2      879.7
   9.234     596     1689.1      878.1
   9.251     597     1694.0      875.9
   9.269     598     1698.3      873.9
   9.285     599     1702.4      871.5
   9.304     600     1705.5      868.9
   9.320     601     1708.7      866.6
   9.337     602     1712.8      865.3
   9.354     603     1717.0      863.4
   9.371     604     1720.6      862.0
   9.388     605     1724.2      859.6
   9.405     606     1727.8      858.0
   9.421     607     1731.7      856.2
   9.438     608     1734.6      854.5
   9.455     609     1737.7      852.8
   9.472     610     1741.5      851.0
   9.489     611     1744.6      849.5
   9.508     612     1747.5      848.2
   9.524     613     1750.9      847.2
   9.541     614     1754.0      845.2
   9.557     615     1758.2      844.5
   9.574     616     1761.8      843.2
   9.591     617     1765.4      842.2
   9.608     618     1768.8      841.0
   9.625     619     1771.8      840.4
   9.642     620     1775.5      838.9
   9.659     621     1778.5      837.2
   9.676     622     1780.9      836.4
   9.693     623     1785.1      835.7
   9.709     624     1788.0      834.1
   9.726     625     1790.8      833.2
   9.743     626     1794.5      832.4
   9.760     627     1798.3      831.8
   9.777     628     1801.5      831.3
   9.794     629     1804.1      830.2
   9.812     630     1807.4      829.6
   9.829     631     1809.7      829.0
   9.845     632     1812.9      827.5
   9.862     633     1815.4      826.4
   9.879     634     1818.4      825.7
   9.898     635     1820.8      824.2
   9.914     636     1824.1      822.1
   9.931     637     1827.0      820.2
   9.948     638     1830.2      818.9
   9.965     639     1832.1      817.9
   9.981     640     1833.5      816.5
   9.998     641     1836.2      814.6
  10.015     642     1838.9      812.5
  10.032     643     1841.3      811.1
  10.049     644     1844.2      809.8
  10.066     645     1847.6      808.2
  10.083     646     1851.0      807.5
  10.100     647     1853.7      805.1
  10.116     648     1856.7      804.2
  10.135     649     1859.6      804.2
  10.151     650     1862.0      805.3
  10.168     651     1863.2      810.4
  10.185     652     1864.5      814.8
  10.202     653     1866.2      818.9
  10.219     654     1867.4      823.6
  10.236     655     1868.9      827.9
  10.251     656     1870.5      833.0
  10.268     657     1871.9      837.2
  10.286     658     1874.2      841.1
  10.302     659     1875.3      845.3
  10.319     660     1877.0      849.1
  10.336     661     1878.3      851.6
  10.354     662     1877.9      854.6
  10.371     663     1878.8      857.8
  10.388     664     1877.6      861.4
  10.405     665     1877.6      864.5
  10.422     666     1878.3      867.5
  10.438     667     1877.1      872.0
  10.455     668     1878.1      875.8
  10.472     669     1878.3      879.7
  10.490     670     1878.8      882.8
  10.507     671     1879.7      886.4
  10.524     672     1881.3      889.7
  10.540     673     1882.0      893.3
  10.557     674     1883.0      895.7
  10.574     675     1883.7      898.7
  10.590     676     1885.8      901.4
  10.607     677     1887.2      903.5
  10.624     678     1888.7      905.7
  10.641     679     1889.9      908.1
  10.659     680     1891.9      911.0
  10.675     681     1893.6      913.3
  10.693     682     1894.4      916.7
  10.710     683     1894.9      918.8
  10.727     684     1896.0      921.2
  10.744     685     1897.5      923.2
  10.761     686     1899.2      926.2
  10.778     687     1899.6      928.7
  10.794     688     1900.5      931.8
  10.811     689     1902.2      934.3
  10.827     690     1902.8      936.5
  10.844     691     1901.7      940.3
  10.861     692     1901.7      942.6
  10.878     693     1901.6      945.6
  10.895     694     1902.8      948.3
  10.912     695     1903.0      951.0
  10.929     696     1905.2      952.9
  10.946     697     1906.0      955.2
  10.962     698     1907.5      958.5
  10.979     699     1908.6      961.2
  10.996     700     1910.5      962.5
  11.013     701     1911.4      964.7
  11.030     702     1913.9      967.1
  11.049     703     1916.0      968.9
  11.065     704     1917.8      970.3
  11.082     705     1920.4      972.4
  11.098     706     1923.1      973.8
  11.115     707     1926.3      975.8
  11.132     708     1929.2      978.2
  11.149     709     1932.4      979.9
  11.166     710     1935.2      981.2
  11.183     711     1938.1      982.6
  11.201     712     1942.0      984.3
  11.219     713     1945.4      985.9
  11.235     714     1948.3      987.8
  11.252     715     1952.0      990.1
  11.269     716     1955.6      991.0
  11.286     717     1959.4      992.5
  11.303     718     1962.4      994.5
  11.321     719     1964.8      996.2
  11.341     720     1967.4      998.3
  11.357     721     1970.4     1000.1
  11.374     722     1974.6     1001.2
  11.391     723     1978.1     1002.2
  11.408     724     1981.2     1003.8
  11.427     725     1984.1     1005.0
  11.444     726     1985.3     1007.4
  11.461     727     1988.8     1008.5
  11.477     728     1992.3     1009.4
  11.494     729     1994.0     1011.1
  11.511     730     1992.8     1013.9
  11.530     731     1991.2     1016.9
  11.546     732     1992.4     1018.4
  11.563     733     1994.6     1019.8
  11.580     734     1993.8     1022.9
  11.596     735     1993.5     1025.8
  11.613     736     1992.1     1028.7
  11.630     737     1995.1     1030.9
  11.647     738     1992.1     1033.9
  11.664     739     1994.0     1036.1
  11.681     740     1992.1     1039.4
  11.698     741     1989.1     1042.9
  11.715     742     1988.5     1045.4
  11.732     743     1985.6     1049.3
  11.748     744     1985.4     1052.2
  11.765     745     1985.0     1054.9
  11.782     746     1982.8     1058.2
  11.799     747     1985.6     1059.3
  11.816     748     1983.4     1061.6
  11.833     749     1981.1     1064.3
  11.850     750     1978.5     1065.6
  11.867     751     1978.9     1066.9
  11.884     752     1975.7     1069.0
  11.900     753     1973.5     1070.9
  11.917     754     1974.2     1072.3
  11.934     755     1977.6     1071.7
  11.951     756     1978.8     1072.7
  11.968     757     1980.7     1073.9
  11.986     758     1984.8     1073.6
  12.003     759     1989.4     1073.0
  12.021     760     1993.5     1072.5
  12.037     761     1997.5     1072.6
  12.054     762     1998.7     1073.1
  12.071     763     2003.1     1073.2
  12.090     764     2001.6     1075.0
  12.106     765     2003.7     1075.4
  12.123     766     2005.2     1076.1
  12.141     767     2006.5     1076.8
  12.157     768     2007.4     1078.2
  12.173     769     2006.4     1079.9
  12.190     770     2004.3     1081.6
  12.207     771     2003.3     1083.9
  12.224     772     2002.6     1085.7
  12.241     773     2001.3     1086.5
  12.258     774     2001.1     1088.0
  12.275     775     2001.1     1089.0
  12.292     776     2002.7     1089.1
  12.308     777     2004.2     1089.3
  12.327     778     2005.4     1089.7
  12.343     779     2008.2     1089.2
  12.360     780     2011.1     1088.7
  12.377     781     2014.4     1088.5
  12.394     782     2017.7     1087.6
  12.411     783     2023.2     1086.6
  12.428     784     2027.9     1086.5
  12.444     785     2032.0     1085.0
  12.461     786     2037.1     1083.3
  12.478     787     2041.3     1082.9
  12.495     788     2045.9     1081.9
  12.512     789     2050.9     1080.5
  12.529     790     2055.6     1079.6
  12.547     791     2061.2     1078.7
  12.564     792     2065.9     1078.2
  12.581     793     2070.7     1077.1
  12.597     794     2075.6     1075.4
  12.614     795     2079.7     1074.8
  12.631     796     2089.7     1063.5
  12.650     797     2097.5     1056.8
  12.669     798     2105.2     1053.0
  12.685     799     2111.8     1049.0
  12.704     800     2120.3     1042.2
  12.723     801     2128.5     1036.2
  12.739     802     2135.5     1029.8
  12.757     803     2142.2     1022.8
  12.774     804     2144.4     1017.6
  12.791     805     2148.2     1012.3
  12.807     806     2146.0     1012.3
  12.823     807     2147.1     1012.1
  12.840     808     2146.1     1012.0
  12.857     809     2144.3     1012.8
  12.874     810     2143.3     1012.0
  12.891     811     2143.7     1015.7
  12.908     812     2141.4     1018.8
  12.925     813     2139.5     1020.3
  12.942     814     2137.1     1023.3
  12.959     815     2138.2     1019.7
  12.975     816     2137.6     1019.6
  12.992     817     2136.1     1022.8
  13.009     818     2133.9     1026.8
  13.028     819     2131.9     1030.0
  13.044     820     2129.5     1033.9
  13.061     821     2127.5     1037.7
  13.078     822     2127.8     1036.6
  13.094     823     2128.4     1035.9
  13.111     824     2128.2     1035.8
  13.131     825     2128.9     1035.3
  13.150     826     2129.0     1035.4
  13.166     827     2130.5     1034.3
  13.183     828     2131.8     1033.4
  13.199     829     2131.6     1035.2
  13.216     830     2130.5     1037.1
  13.233     831     2133.7     1033.3
  13.250     832     2135.0     1033.2
  13.267     833     2135.6     1036.0
  13.284     834     2137.7     1033.9
  13.301     835     2137.9     1037.3
  13.318     836     2139.4     1040.7
  13.335     837     2140.3     1043.2
  13.351     838     2141.0     1046.0
  13.368     839     2141.8     1048.8
  13.385     840     2143.1     1051.0
  13.402     841     2144.1     1052.4
  13.419     842     2144.8     1054.1
  13.435     843     2146.0     1055.6
  13.453     844     2148.0     1057.5
  13.469     845     2149.5     1057.3
  13.486     846     2151.5     1057.6
  13.502     847     2154.6     1057.0
  13.519     848     2157.4     1056.9
  13.536     849     2159.7     1055.5
  13.553     850     2162.1     1055.2
  13.570     851     2164.0     1053.8
  13.587     852     2166.5     1052.5
  13.604     853     2169.0     1050.7
  13.621     854     2171.8     1050.0
  13.638     855     2175.1     1048.9
  13.654     856     2177.5     1048.0
  13.671     857     2179.9     1047.2
  13.688     858     2182.3     1046.6
  13.705     859     2184.5     1046.2
  13.722     860     2187.0     1045.5
  13.739     861     2190.1     1044.0
  13.756     862     2192.4     1042.7
  13.773     863     2195.6     1041.9
  13.789     864     2198.5     1041.4
  13.806     865     2201.9     1041.0
  13.823     866     2205.4     1041.1
  13.843     867     2208.7     1041.1
  13.860     868     2212.4     1040.5
  13.877     869     2214.3     1040.9
  13.895     870     2217.7     1040.1
  13.911     871     2219.6     1038.9
  13.928     872     2221.3     1037.5
  13.945     873     2223.6     1038.6
  13.962     874     2225.4     1038.2
  13.979     875     2230.7     1032.1
  13.996     876     2236.1     1025.9
  14.012     877     2239.3     1025.0
  14.029     878     2242.2     1023.7
  14.045     879     2244.6     1024.0
  14.063     880     2246.3     1023.1
  14.080     881     2251.4     1015.1
  14.097     882     2252.9     1014.5
  14.114     883     2254.3     1014.4
  14.130     884     2258.3     1008.4
  14.148     885     2262.8     1002.6
  14.164     886     2267.0      996.6
  14.181     887     2268.5      996.2
  14.197     888     2270.5      996.3
  14.215     889     2272.4      996.6
  14.232     890     2273.7      997.1
  14.249     891     2275.2      997.8
  14.267     892     2277.3      997.7
  14.284     893     2279.4      997.5
  14.300     894     2281.3      997.8
  14.317     895     2282.9      998.1
  14.334     896     2286.2      993.8
  14.351     897     2288.1      994.9
  14.368     898     2289.7      995.4
  14.384     899     2290.9      995.6
  14.402     900     2293.1      995.3
  14.419     901     2294.7      995.8
  14.436     902     2297.6      995.9
  14.452     903     2300.8      994.5
  14.469     904     2303.9      995.1
  14.486     905     2307.5      995.6
  14.503     906     2311.4      994.7
  14.520     907     2313.9      993.5
  14.537     908     2318.1      992.8
  14.554     909     2321.7      991.1
  14.571     910     2324.6      989.0
  14.588     911     2328.2      987.5
  14.604     912     2331.1      985.4
  14.621     913     2335.0      983.0
  14.637     914     2338.2      981.1
  14.654     915     2341.5      977.3
  14.672     916     2344.3      975.3
  14.689     917     2347.2      972.1
  14.707     918     2350.6      968.5
  14.724     919     2354.1      965.1
  14.741     920     2357.4      962.3
  14.757     921     2360.6      959.9
  14.774     922     2364.5      956.9
  14.791     923     2368.6      954.4
  14.808     924     2371.8      952.2
  14.825     925     2375.2      950.0
  14.842     926     2378.8      946.8
  14.858     927     2382.3      944.0
  14.875     928     2385.9      941.0
  14.892     929     2390.2      937.1
  14.908     930     2394.2      934.0
  14.925     931     2399.0      929.9
  14.943     932     2404.1      927.1
  14.960     933     2408.1      924.2
  14.977     934     2412.2      921.6
  14.994     935     2416.3      919.0
  15.010     936     2420.8      914.8
  15.027     937     2425.7      910.9
  15.044     938     2430.0      907.5
  15.061     939     2434.8      903.9
  15.078     940     2439.7      899.9
  15.095     941     2443.6      896.2
  15.112     942     2447.8      892.6
  15.128     943     2451.6      888.6
  15.146     944     2455.6      884.6
  15.162     945     2459.5      881.7
  15.180     946     2462.4      878.7
  15.196     947     2465.7      877.0
  15.213     948     2470.7      874.6
  15.230     949     2474.4      872.4
  15.247     950     2476.2      874.7
  15.264     951     2480.4      873.3
  15.282     952     2483.8      873.4
  15.298     953     2487.5      873.8
  15.315     954     2490.9      873.6
  15.332     955     2495.0      875.1
  15.349     956     2500.1      877.0
  15.366     957     2503.5      878.9
  15.384     958     2507.8      879.1
  15.400     959     2511.5      880.5
  15.417     960     2515.7      882.0
  15.434     961     2517.4      885.5
  15.451     962     2520.7      888.0
  15.468     963     2523.7      890.8
  15.485     964     2525.9      893.7
  15.501     965     2527.6      896.5
  15.518     966     2529.2      899.9
  15.535     967     2530.7      903.1
  15.552     968     2533.0      906.8
  15.569     969     2535.7      910.5
  15.587     970     2538.5      915.3
  15.604     971     2541.0      919.1
  15.620     972     2545.5      923.2
  15.637     973     2549.7      926.7
  15.654     974     2554.0      930.2
  15.671     975     2558.1      934.7
  15.688     976     2562.1      938.8
  15.705     977     2567.8      937.7
  15.723     978     2571.3      941.8
  15.740     979     2578.7      937.1
  15.760     980     2583.5      937.1
  15.779     981     2585.9      941.1
  15.797     982     2589.0      944.7
  15.817     983     2590.3      948.6
  15.835     984     2591.2      952.0
  15.854     985     2592.2      955.0
  15.872     986     2594.1      957.9
  15.889     987     2595.1      961.3
  15.906     988     2597.9      959.8
  15.922     989     2599.6      962.8
  15.943     990     2600.7      965.5
  15.959     991     2601.6      968.3
  15.976     992     2605.0      967.2
  15.993     993     2606.7      970.4
  16.010     994     2610.6      968.6
  16.027     995     2611.9      971.6
  16.043     996     2613.0      973.7
  16.060     997     2614.3      976.0
  16.077     998     2618.3      973.9
  16.094     999     2620.2      975.6
  16.111    1000     2621.9      977.7
  16.128    1001     2624.1      979.6
  16.145    1002     2626.9      980.7
  16.162    1003     2629.4      981.9
  16.179    1004     2631.6      982.9
  16.195    1005     2633.5      983.9
  16.212    1006     2635.9      985.2
  16.229    1007     2637.8      986.2
  16.246    1008     2639.9      986.7
  16.263    1009     2641.7      987.4
  16.280    1010     2643.6      987.7
  16.296    1011     2645.9      987.7
  16.313    1012     2648.8      987.1
  16.329    1013     2651.0      987.3
  16.346    1014     2653.4      987.1
  16.363    1015     2656.6      986.8
  16.380    1016     2659.3      986.5
  16.397    1017     2661.9      986.0
  16.414    1018     2664.8      985.3
  16.431    1019     2667.4      983.7
  16.448    1020     2670.3      982.9
  16.467    1021     2674.1      982.3
  16.483    1022     2678.3      981.9
  16.500    1023     2681.7      981.2
  16.517    1024     2684.6      980.6
  16.534    1025     2688.2      979.9
  16.550    1026     2691.7      978.9
  16.567    1027     2695.1      978.3
  16.584    1028     2698.5      978.0
  16.602    1029     2701.8      977.0
  16.620    1030     2704.7      976.1
  16.636    1031     2707.6      975.8
  16.655    1032     2711.5      976.5
  16.674    1033     2714.8      976.9
  16.694    1034     2718.4      977.4
  16.710    1035     2725.2      972.9
  16.728    1036     2731.6      968.3
  16.746    1037     2735.1      969.2
  16.762    1038     2738.5      969.9
  16.779    1039     2741.3      971.0
  16.795    1040     2744.5      971.5
  16.812    1041     2747.6      973.1
  16.828    1042     2750.7      974.5
  16.845    1043     2754.1      974.8
  16.864    1044     2757.4      974.8
  16.880    1045     2760.4      975.0
  16.897    1046     2763.6      975.5
  16.914    1047     2766.8      975.9
  16.931    1048     2770.1      976.7
  16.949    1049     2773.8      976.7
  16.965    1050     2777.8      977.0
  16.982    1051     2781.2      977.2
  17.000    1052     2786.1      975.1
  17.017    1053     2789.9      974.6
  17.034    1054     2794.4      973.6
  17.050    1055     2799.0      971.7
  17.067    1056     2803.1      968.9
  17.084    1057     2808.1      966.3
  17.099    1058     2811.9      963.9
  17.116    1059     2815.4      960.9
  17.133    1060     2819.1      958.3
  17.150    1061     2822.6      954.8
  17.167    1062     2826.1      952.2
  17.184    1063     2829.8      949.8
  17.201    1064     2833.2      946.3
  17.218    1065     2836.5      944.0
  17.235    1066     2840.2      941.2
  17.251    1067     2844.1      938.5
  17.268    1068     2847.1      936.3
  17.285    1069     2850.6      932.8
  17.302    1070     2854.3      930.1
  17.319    1071     2856.7      927.6
  17.336    1072     2859.7      924.3
  17.353    1073     2862.9      920.9
  17.370    1074     2865.6      918.6
  17.387    1075     2869.0      915.1
  17.403    1076     2871.5      912.5
  17.420    1077     2874.5      910.8
  17.436    1078     2877.3      908.5
  17.453    1079     2880.0      905.6
  17.470    1080     2883.3      903.9
  17.487    1081     2886.1      902.4
  17.504    1082     2889.1      900.9
  17.521    1083     2891.6      899.4
  17.538    1084     2893.9      897.4
  17.554    1085     2897.0      895.2
  17.571    1086     2899.8      893.7
  17.588    1087     2902.5      892.1
  17.607    1088     2904.5      890.6
  17.623    1089     2906.4      888.7
  17.640    1090     2909.0      886.7
  17.657    1091     2911.1      885.0
  17.674    1092     2913.8      883.9
  17.691    1093     2917.0      883.1
  17.707    1094     2920.1      882.5
  17.724    1095     2923.2      881.8
  17.741    1096     2926.4      881.0
  17.758    1097     2929.3      880.5
  17.775    1098     2932.0      879.6
  17.792    1099     2934.9      878.6
  17.809    1100     2937.5      878.0
  17.829    1101     2940.6      878.4
  17.845    1102     2943.5      878.5
  17.862    1103     2946.2      877.9
  17.879    1104     2949.1      877.0
  17.896    1105     2952.0      877.2
  17.913    1106     2954.7      876.5
  17.930    1107     2958.7      875.1
  17.947    1108     2961.6      873.6
  17.963    1109     2964.0      873.7
  17.980    1110     2967.6      871.6
  17.997    1111     2971.9      868.0
  18.014    1112     2976.0      864.8
  18.031    1113     2981.3      860.3
  18.048    1114     2987.1      855.4
  18.065    1115     2992.5      850.8
  18.082    1116     2998.5      845.7
  18.099    1117     3004.1      841.6
  18.115    1118     3008.7      838.0
  18.132    1119     3013.2      836.0
  18.149    1120     3018.5      833.0
  18.166    1121     3023.3      830.8
  18.183    1122     3028.9      828.2
  18.200    1123     3033.7      826.5
  18.217    1124     3038.1      825.0
  18.234    1125     3039.5      818.8
  18.250    1126     3043.8      819.2
  18.267    1127     3045.5      813.9
  18.284    1128     3046.6      809.1
  18.301    1129     3048.5      803.8
  18.318    1130     3049.1      798.5
  18.335    1131     3049.9      790.4
  18.352    1132     3050.4      782.7
  18.369    1133     3051.1      775.5
  18.386    1134     3052.7      769.6
  18.402    1135     3054.5      764.4
  18.419    1136     3056.6      757.1
  18.436    1137     3059.1      750.6
  18.453    1138     3063.5      742.6
  18.470    1139     3067.3      736.7
  18.487    1140     3071.9      729.2
  18.504    1141     3074.2      726.5
  18.521    1142     3079.7      719.7
  18.537    1143     3084.5      711.9
  18.554    1144     3090.8      704.1
  18.571    1145     3097.1      696.2
  18.588    1146     3104.0      686.6
  18.605    1147     3107.0      684.8
  18.622    1148     3109.6      682.8
  18.639    1149     3112.3      681.1
  18.656    1150     3115.6      679.4
  18.673    1151     3119.5      677.7
  18.689    1152     3122.7      676.2
  18.706    1153     3126.5      673.9
  18.723    1154     3129.3      672.0
  18.740    1155     3132.1      669.8
  18.757    1156     3135.8      667.9
  18.774    1157     3137.8      666.3
  18.791    1158     3140.5      664.2
  18.808    1159     3143.3      663.1
  18.824    1160     3145.7      662.3
  18.841    1161     3148.1      660.5
  18.858    1162     3150.3      659.2
  18.875    1163     3152.8      657.7
  18.892    1164     3155.8      655.9
  18.909    1165     3157.6      654.5
  18.926    1166     3159.8      651.6
  18.944    1167     3161.7      649.2
  18.960    1168     3163.3      647.1
  18.977    1169     3165.1      647.1
  18.994    1170     3167.1      645.9
  19.011    1171     3169.2      644.4
  19.028    1172     3171.0      645.4
  19.045    1173     3172.0      646.0
  19.062    1174     3171.3      647.0
  19.079    1175     3171.0      648.8
  19.096    1176     3170.1      650.4
  19.112    1177     3169.7      653.6
  19.129    1178     3168.3      655.0
  19.146    1179     3167.9      659.1
  19.163    1180     3166.4      660.3
  19.182    1181     3165.4      661.6
  19.198    1182     3162.4      660.3
  19.215    1183     3159.8      658.0
  19.232    1184     3158.0      655.6
  19.248    1185     3155.4      653.7
  19.267    1186     3152.8      652.4
  19.283    1187     3150.3      650.6
  19.300    1188     3147.8      648.7
  19.317    1189     3145.3      646.7
  19.334    1190     3143.8      645.6
  19.351    1191     3142.2      644.0
  19.367    1192     3141.1      642.7
  19.384    1193     3139.0      641.3
  19.400    1194     3138.0      641.6
  19.417    1195     3136.8      642.2
  19.434    1196     3136.3      643.0
  19.451    1197     3135.7      642.8
  19.468    1198     3135.0      643.4
  19.484    1199     3134.2      644.0
  19.501    1200     3134.7      645.2
  19.518    1201     3135.1      646.6
  19.534    1202     3134.7      646.4
  19.551    1203     3134.3      648.3
  19.568    1204     3135.4      649.0
  19.585    1205     3135.7      650.2
  19.602    1206     3136.7      651.4
  19.619    1207     3137.5      652.4
  19.636    1208     3138.8      653.6
  19.653    1209     3140.6      656.1
  19.670    1210     3142.7      659.0
  19.686    1211     3144.1      660.9
  19.703    1212     3146.5      663.6
  19.719    1213     3149.3      666.5
  19.737    1214     3151.7      669.0
  19.753    1215     3154.3      671.5
  19.770    1216     3157.2      673.8
  19.788    1217     3159.1      675.1
  19.805    1218     3162.1      675.6
  19.821    1219     3164.3      677.2
  19.840    1220     3167.2      678.4
  19.856    1221     3170.0      680.2
  19.875    1222     3171.4      679.0
  19.891    1223     3172.2      677.1
  19.908    1224     3172.8      675.2
  19.925    1225     3174.7      673.1
  19.942    1226     3175.3      671.8
  19.960    1227     3176.4      669.3
  19.976    1228     3177.6      667.1
  19.993    1229     3180.2      665.0
  20.010    1230     3182.1      662.1
  20.027    1231     3183.5      660.0
  20.044    1232     3185.1      658.1
  20.061    1233     3187.2      656.9
  20.078    1234     3187.8      655.1
  20.094    1235     3190.5      653.1
  20.111    1236     3193.2      651.1
  20.128    1237     3194.9      650.2
  20.147    1238     3198.0      652.3
  20.163    1239     3202.5      653.6
  20.180    1240     3206.7      655.2
  20.197    1241     3211.0      657.6
  20.214    1242     3215.1      659.4
  20.230    1243     3218.5      660.5
  20.247    1244     3222.2      663.7
  20.264    1245     3226.7      666.4
  20.283    1246     3230.6      668.3
  20.299    1247     3234.4      670.5
  20.316    1248     3238.1      673.4
  20.333    1249     3241.2      676.0
  20.350    1250     3244.9      679.4
  20.366    1251     3248.1      681.3
  20.383    1252     3250.7      683.4
  20.400    1253     3253.7      685.4
  20.416    1254     3256.2      687.4
  20.433    1255     3259.6      688.9
  20.450    1256     3262.5      691.7
  20.466    1257     3265.6      693.7
  20.483    1258     3268.6      695.4
  20.500    1259     3270.9      697.0
  20.516    1260     3273.2      698.4
  20.533    1261     3274.3      699.2
  20.550    1262     3276.9      701.1
  20.567    1263     3278.4      701.5
  20.584    1264     3279.2      701.3
  20.601    1265     3280.9      701.7
  20.619    1266     3282.3      701.8
  20.635    1267     3284.4      701.4
  20.653    1268     3285.9      700.1
  20.668    1269     3287.3      700.2
  20.685    1270     3289.7      700.5
  20.702    1271     3292.4      701.5
  20.719    1272     3295.3      701.6
  20.736    1273     3297.3      701.4
  20.753    1274     3299.7      702.0
  20.770    1275     3301.7      701.9
  20.787    1276     3304.9      701.3
  20.802    1277     3306.8      702.3
  20.819    1278     3308.9      703.2
  20.836    1279     3310.5      703.7
  20.853    1280     3314.5      701.3
  20.870    1281     3316.1      702.8
  20.887    1282     3317.8      704.1
  20.904    1283     3321.4      700.9
  20.921    1284     3322.2      702.7
  20.938    1285     3323.8      704.2
  20.954    1286     3325.2      705.9
  20.971    1287     3326.9      708.0
  20.988    1288     3328.4      709.6
  21.006    1289     3332.2      707.3
  21.022    1290     3333.6      709.1
  21.039    1291     3334.6      710.9
  21.056    1292     3335.4      712.2
  21.073    1293     3337.1      714.4
  21.090    1294     3338.6      717.4
  21.106    1295     3341.4      721.1
  21.122    1296     3343.7      723.7
  21.139    1297     3344.9      726.9
  21.156    1298     3347.2      730.6
  21.173    1299     3349.5      734.7
  21.190    1300     3351.3      737.0
  21.207    1301     3353.9      740.8
  21.224    1302     3355.9      743.7
  21.241    1303     3357.8      748.1
  21.257    1304     3360.1      751.6
  21.274    1305     3362.0      754.2
  21.293    1306     3363.1      757.8
  21.309    1307     3365.3      760.5
  21.326    1308     3367.3      763.8
  21.343    1309     3369.3      767.2
  21.359    1310     3371.4      771.0
  21.376    1311     3372.9      773.7
  21.392    1312     3375.4      776.9
  21.409    1313     3377.3      780.0
  21.426    1314     3379.6      782.5
  21.443    1315     3382.8      781.6
  21.460    1316     3384.3      783.8
  21.477    1317     3386.0      786.4
  21.494    1318     3388.8      788.7
  21.511    1319     3393.1      793.5
  21.529    1320     3395.9      797.2
  21.545    1321     3399.6      800.4
  21.562    1322     3403.0      803.8
  21.579    1323     3406.0      807.5
  21.596    1324     3408.2      811.9
  21.613    1325     3411.8      815.6
  21.630    1326     3414.5      819.5
  21.647    1327     3417.9      822.4
  21.664    1328     3421.9      825.0
  21.680    1329     3425.5      827.9
  21.697    1330     3428.4      829.3
  21.714    1331     3431.9      831.0
  21.731    1332     3435.1      832.2
  21.750    1333     3439.3      832.8
  21.766    1334     3443.1      833.9
  21.783    1335     3447.1      835.9
  21.800    1336     3450.5      837.7
  21.816    1337     3453.6      839.7
  21.833    1338     3455.9      841.8
  21.850    1339     3458.8      843.0
  21.867    1340     3462.0      844.7
  21.884    1341     3464.6      847.2
  21.901    1342     3468.4      849.2
  21.918    1343     3472.0      851.1
  21.935    1344     3475.2      852.7
  21.951    1345     3478.3      854.4
  21.968    1346     3481.8      856.5
  21.985    1347     3484.3      859.3
  22.002    1348     3486.9      861.0
  22.019    1349     3489.5      863.1
  22.036    1350     3491.8      865.9
  22.053    1351     3494.4      868.3
  22.070    1352     3498.2      871.2
  22.087    1353     3501.4      873.8
  22.103    1354     3503.9      876.2
  22.120    1355     3507.2      878.8
  22.137    1356     3510.4      881.8
  22.154    1357     3512.2      885.2
  22.171    1358     3515.3      887.7
  22.188    1359     3518.7      890.6
  22.205    1360     3522.1      893.7
  22.221    1361     3524.9      896.0
  22.238    1362     3527.8      897.7
  22.254    1363     3531.5      900.2
  22.271    1364     3533.9      902.9
  22.288    1365     3535.4      904.0
  22.307    1366     3537.5      904.7
  22.323    1367     3538.7      905.0
  22.340    1368     3540.0      904.5
  22.357    1369     3540.3      903.1
  22.374    1370     3540.7      902.0
  22.390    1371     3541.2      901.1
  22.407    1372     3541.1      899.4
  22.423    1373     3540.4      897.7
  22.440    1374     3539.5      896.6
  22.457    1375     3539.8      895.0
  22.474    1376     3539.3      892.5
  22.491    1377     3539.7      890.0
  22.508    1378     3540.0      888.3
  22.525    1379     3541.0      886.6
  22.541    1380     3542.2      883.8
  22.558    1381     3544.4      882.9
  22.575    1382     3545.3      880.5
  22.592    1383     3545.9      879.9
  22.609    1384     3546.4      878.4
  22.628    1385     3546.9      877.4
  22.644    1386     3548.5      877.4
  22.661    1387     3548.2      877.1
  22.677    1388     3550.0      878.0
  22.694    1389     3550.8      877.4
  22.711    1390     3551.3      876.4
  22.728    1391     3551.3      873.8
  22.745    1392     3552.8      873.4
  22.762    1393     3553.0      873.5
  22.779    1394     3555.2      872.9
  22.796    1395     3557.3      872.7
  22.812    1396     3559.5      873.2
  22.829    1397     3561.1      873.6
  22.846    1398     3563.1      874.4
  22.863    1399     3565.1      875.4
  22.880    1400     3567.5      876.5
  22.897    1401     3570.5      878.3
  22.914    1402     3574.3      879.3
  22.931    1403     3578.0      881.2
  22.948    1404     3582.0      882.7
  22.964    1405     3584.6      883.6
  22.981    1406     3588.4      885.6
  22.998    1407     3593.1      888.9
  23.015    1408     3594.5      884.9
  23.032    1409     3595.7      882.1
  23.049    1410     3596.7      879.2
  23.066    1411     3596.0      872.9
  23.083    1412     3598.1      870.3
  23.100    1413     3599.9      866.9
  23.116    1414     3599.5      860.7
  23.133    1415     3601.3      858.2
  23.150    1416     3605.0      860.1
  23.167    1417     3607.8      861.2
  23.184    1418     3610.7      863.0
  23.201    1419     3614.1      864.8
  23.218    1420     3616.9      864.6
  23.235    1421     3619.5      864.6
  23.252    1422     3622.0      865.3
  23.270    1423     3624.4      866.1
  23.286    1424     3627.4      867.8
  23.302    1425     3630.7      868.8
  23.320    1426     3634.5      869.8
  23.337    1427     3638.0      870.3
  23.353    1428     3641.5      871.7
  23.371    1429     3645.2      873.7
  23.387    1430     3648.0      875.1
  23.403    1431     3651.4      875.1
  23.421    1432     3654.7      875.5
  23.440    1433     3657.7      876.5
  23.456    1434     3659.7      877.1
  23.474    1435     3662.2      878.4
  23.491    1436     3665.0      879.2
  23.507    1437     3666.5      879.0
  23.522    1438     3668.5      880.1
  23.539    1439     3668.7      879.6
  23.556    1440     3669.9      879.2
  23.573    1441     3671.2      877.9
  23.590    1442     3672.0      876.7
  23.609    1443     3671.2      872.5
  23.626    1444     3669.8      868.3
  23.643    1445     3669.8      864.5
  23.660    1446     3670.6      861.2
  23.676    1447     3670.4      858.3
  23.693    1448     3670.6      854.3
  23.710    1449     3671.1      851.4
  23.726    1450     3670.8      848.6
  23.743    1451     3671.5      846.8
  23.760    1452     3672.3      844.8
  23.777    1453     3673.4      842.5
  23.794    1454     3674.8      841.0
  23.810    1455     3676.0      839.4
  23.827    1456     3678.1      837.3
  23.844    1457     3680.4      836.1
  23.861    1458     3684.2      838.4
  23.878    1459     3688.1      841.4
  23.894    1460     3690.3      842.3
  23.911    1461     3694.3      844.0
  23.930    1462     3695.4      841.2
  23.946    1463     3696.8      838.5
  23.963    1464     3698.6      835.6
  23.980    1465     3701.5      835.5
  23.997    1466     3704.5      835.5
  24.014    1467     3707.6      835.0
  24.030    1468     3712.9      839.1
  24.047    1469     3716.0      839.6
  24.065    1470     3719.3      839.5
  24.081    1471     3725.5      835.6
  24.097    1472     3728.9      835.7
  24.114    1473     3732.7      836.1
  24.131    1474     3735.8      835.8
  24.148    1475     3738.9      836.6
  24.165    1476     3742.0      836.1
  24.183    1477     3744.9      835.4
  24.199    1478     3748.3      835.0
  24.217    1479     3749.9      832.4
  24.232    1480     3751.6      829.5
  24.249    1481     3755.0      831.0
  24.266    1482     3756.2      827.8
  24.284    1483     3758.5      827.7
  24.300    1484     3759.8      824.9
  24.317    1485     3764.3      828.6
  24.334    1486     3767.9      829.9
  24.351    1487     3772.6      832.7
  24.367    1488     3777.0      834.5
  24.384    1489     3781.6      836.4
  24.401    1490     3786.2      838.0
  24.418    1491     3790.8      841.4
  24.435    1492     3795.4      842.9
  24.452    1493     3800.6      845.0
  24.469    1494     3803.8      846.8
  24.487    1495     3808.8      848.3
  24.503    1496     3814.0      850.6
  24.520    1497     3819.5      851.2
  24.537    1498     3823.9      852.4
  24.554    1499     3828.5      853.1
  24.571    1500     3833.4      854.0
  24.588    1501     3841.2      856.9
  24.605    1502     3848.5      859.6
  24.623    1503     3856.2      862.3
  24.639    1504     3863.8      864.4
  24.656    1505     3874.5      866.9
  24.673    1506     3881.0      868.7
  24.692    1507     3887.5      869.8
  24.708    1508     3896.2      871.5
  24.726    1509     3905.7      873.2
  24.743    1510     3914.0      874.9
  24.760    1511     3921.6      876.9
  24.776    1512     3928.7      879.0
  24.793    1513     3936.4      880.7
  24.809    1514     3943.7      882.0
  24.826    1515     3950.8      882.8
  24.843    1516     3958.6      885.0
  24.860    1517     3965.5      886.2
  24.877    1518     3973.0      887.1
  24.894    1519     3979.8      888.7
  24.910    1520     3985.9      889.4
  24.927    1521     3991.7      889.9
  24.944    1522     3997.6      890.9
  24.961    1523     4003.1      891.1
  24.978    1524     4005.8      891.0
  24.995    1525     4009.3      890.4
  25.012    1526     4011.3      889.8
  25.029    1527     4013.4      889.7
  25.045    1528     4015.7      889.8
  25.062    1529     4018.2      889.9
  25.079    1530     4020.9      890.0
  25.097    1531     4023.5      890.0
  25.114    1532     4026.6      889.9
  25.131    1533     4029.9      890.4
  25.148    1534     4033.2      890.3
  25.164    1535     4036.6      889.9
  25.181    1536     4039.8      889.7
  25.199    1537     4043.2      890.0
  25.216    1538     4044.6      886.2
  25.232    1539     4046.6      882.7
  25.249    1540     4049.1      879.4
  25.266    1541     4051.1      875.4
  25.283    1542     4053.5      871.7
  25.300    1543     4057.2      870.0
  25.317    1544     4059.2      867.4
  25.333    1545     4062.0      864.9
  25.350    1546     4065.3      862.0
  25.369    1547     4067.8      856.6
  25.385    1548     4072.7      857.4
  25.402    1549     4075.6      855.0
  25.420    1550     4077.5      851.5
  25.436    1551     4081.6      852.9
  25.453    1552     4084.6      852.0
  25.469    1553     4088.7      853.2
  25.486    1554     4092.6      854.5
  25.503    1555     4097.6      856.2
  25.520    1556     4102.1      858.4
  25.537    1557     4106.3      860.3
  25.554    1558     4111.2      862.8
  25.571    1559     4115.1      863.9
  25.588    1560     4119.6      866.8
  25.606    1561     4124.6      868.9
  25.624    1562     4129.2      871.1
  25.640    1563     4134.0      873.1
  25.658    1564     4138.7      876.5
  25.675    1565     4143.4      880.3
  25.692    1566     4147.9      883.6
  25.708    1567     4153.0      887.1
  25.725    1568     4157.6      891.0
  25.741    1569     4162.1      895.0
  25.758    1570     4165.9      899.3
  25.775    1571     4170.3      902.1
  25.792    1572     4174.4      906.5
  25.809    1573     4179.6      910.8
  25.826    1574     4183.6      914.5
  25.843    1575     4187.5      919.2
  25.860    1576     4191.7      923.6
  25.876    1577     4195.1      928.1
  25.895    1578     4194.4      920.2
  25.910    1579     4200.5      925.5
  25.927    1580     4205.4      929.2
  25.943    1581     4204.9      921.2
  25.960    1582     4206.9      918.4
  25.977    1583     4208.5      916.1
  25.994    1584     4213.5      920.9
  26.011    1585     4218.4      926.7
  26.027    1586     4220.3      925.7
  26.044    1587     4224.1      924.7
  26.061    1588     4227.7      924.9
  26.078    1589     4231.6      930.9
  26.095    1590     4234.5      931.5
  26.112    1591     4237.9      932.1
  26.129    1592     4239.1      933.6
  26.146    1593     4241.2      935.4
  26.162    1594     4244.0      936.6
  26.179    1595     4245.9      937.6
  26.196    1596     4245.2      941.2
  26.213    1597     4244.3      945.6
  26.230    1598     4242.7      949.7
  26.247    1599     4243.0      947.5
  26.264    1600     4241.6      947.2
  26.281    1601     4241.9      946.7
  26.298    1602     4241.7      945.5
  26.314    1603     4244.4      943.2
  26.331    1604     4244.0      942.3
  26.348    1605     4244.6      941.9
  26.365    1606     4244.5      941.6
  26.384    1607     4245.1      941.4
  26.400    1608     4245.8      941.4
  26.417    1609     4244.6      942.6
  26.434    1610     4243.6      944.3
  26.450    1611     4243.1      945.9
  26.467    1612     4241.3      948.2
  26.484    1613     4240.5      950.2
  26.501    1614     4239.1      953.0
  26.518    1615     4236.9      955.5
  26.535    1616     4237.3      956.7
  26.552    1617     4236.2      960.0
  26.569    1618     4233.7      963.3
  26.585    1619     4232.4      967.0
  26.602    1620     4230.5      970.7
  26.619    1621     4228.6      974.2
  26.636    1622     4229.3      975.5
  26.653    1623     4225.4      979.9
  26.669    1624     4226.4      982.3
  26.686    1625     4226.7      984.6
  26.703    1626     4223.6      987.2
  26.720    1627     4224.3      989.3
  26.740    1628     4228.5      990.3
  26.758    1629     4232.4      991.4
  26.776    1630     4233.5      992.7
  26.792    1631     4236.7      993.3
  26.809    1632     4241.2      993.8
  26.826    1633     4245.2      994.6
  26.842    1634     4249.1      995.3
  26.859    1635     4253.4      995.5
  26.876    1636     4255.8      995.7
  26.893    1637     4258.5      995.2
  26.910    1638     4262.5      994.4
  26.927    1639     4265.1      993.4
  26.944    1640     4267.7      992.4
  26.961    1641     4271.2      992.6
  26.977    1642     4274.9      992.4
  26.994    1643     4277.8      992.4
  27.011    1644     4280.5      990.5
  27.030    1645     4282.0      990.6
  27.046    1646     4285.8      990.0
  27.063    1647     4288.8      989.4
  27.080    1648     4292.6      989.5
  27.097    1649     4295.7      989.1
  27.113    1650     4298.3      989.9
  27.130    1651     4300.8      990.4
  27.147    1652     4303.5      991.1
  27.164    1653     4306.9      991.9
  27.181    1654     4309.5      992.5
  27.198    1655     4312.9      992.6
  27.215    1656     4316.1      992.6
  27.232    1657     4319.0      992.6
  27.249    1658     4323.4      992.4
  27.265    1659     4330.1      992.8
  27.282    1660     4333.3      992.0
  27.299    1661     4337.9      992.0
  27.316    1662     4344.0      992.0
  27.333    1663     4351.9      992.8
  27.350    1664     4359.5      994.4
  27.367    1665     4365.5      994.3
  27.384    1666     4369.9      994.5
  27.400    1667     4375.7      994.4
  27.417    1668     4381.0      994.4
  27.434    1669     4386.6      994.4
  27.451    1670     4395.4      996.3
  27.468    1671     4403.1      998.1
  27.485    1672     4409.1      997.6
  27.502    1673     4416.9      998.5
  27.519    1674     4425.2      999.2
  27.535    1675     4432.9      999.7
  27.552    1676     4440.7     1001.0
  27.569    1677     4448.6     1001.6
  27.586    1678     4455.7     1002.9
  27.605    1679     4457.1     1002.1
  27.621    1680     4459.0     1001.7
  27.638    1681     4463.3     1001.7
  27.655    1682     4465.1     1000.7
  27.672    1683     4468.7     1000.8
  27.690    1684     4470.3      998.0
  27.706    1685     4471.3      995.4
  27.725    1686     4471.5      993.0
  27.741    1687     4473.0      990.2
  27.758    1688     4477.8      989.4
  27.775    1689     4479.5      988.0
  27.792    1690     4480.2      985.5
  27.808    1691     4485.4      985.6
  27.827    1692     4488.1      984.7
  27.843    1693     4490.3      984.2
  27.860    1694     4492.2      984.8
  27.877    1695     4493.3      983.8
  27.894    1696     4495.2      984.3
  27.911    1697     4497.1      984.1
  27.928    1698     4501.5      984.0
  27.944    1699     4509.9      986.3
  27.961    1700     4515.2      987.3
  27.978    1701     4519.8      988.0
  27.995    1702     4524.1      984.0
  28.012    1703     4531.0      986.0
  28.029    1704     4538.1      988.3
  28.046    1705     4544.0      990.9
  28.063    1706     4549.1      993.4
  28.079    1707     4555.1      995.5
  28.096    1708     4560.4      997.5
  28.113    1709     4566.7     1000.9
  28.130    1710     4572.8     1003.9
  28.146    1711     4578.7     1007.4
  28.163    1712     4584.1     1010.2
  28.180    1713     4590.1     1013.7
  28.197    1714     4595.9     1017.2
  28.214    1715     4601.6     1020.8
  28.230    1716     4607.3     1024.6
  28.246    1717     4612.6     1027.5
  28.263    1718     4617.6     1030.8
  28.280    1719     4621.5     1034.2
  28.297    1720     4625.7     1036.9
  28.316    1721     4629.8     1040.5
  28.332    1722     4632.9     1043.7
  28.349    1723     4636.8     1046.9
  28.366    1724     4640.1     1049.9
  28.384    1725     4644.4     1052.7
  28.400    1726     4648.8     1055.0
  28.417    1727     4652.5     1056.9
  28.434    1728     4656.9     1059.7
  28.451    1729     4661.0     1061.7
  28.469    1730     4665.4     1063.2
  28.487    1731     4671.1     1064.7
  28.503    1732     4675.8     1066.2
  28.520    1733     4680.7     1068.3
  28.537    1734     4685.2     1069.5
  28.554    1735     4691.1     1071.7
  28.571    1736     4697.7     1073.2
  28.588    1737     4703.3     1075.0
  28.605    1738     4710.0     1077.2
  28.622    1739     4717.0     1078.7
  28.639    1740     4721.4     1075.3
  28.655    1741     4726.5     1073.2
  28.672    1742     4731.6     1071.3
  28.689    1743     4737.6     1069.7
  28.708    1744     4742.8     1068.7
  28.725    1745     4748.3     1067.4
  28.742    1746     4751.9     1062.2
  28.759    1747     4757.6     1061.9
  28.775    1748     4761.0     1061.6
  28.792    1749     4764.8     1055.7
  28.809    1750     4770.2     1056.4
  28.826    1751     4774.9     1055.5
  28.843    1752     4780.2     1055.9
  28.860    1753     4786.1     1056.3
  28.877    1754     4790.2     1052.2
  28.894    1755     4792.9     1051.9
  28.911    1756     4794.7     1047.1
  28.927    1757     4796.2     1042.0
  28.943    1758     4799.6     1041.7
  28.961    1759     4801.7     1037.7
  28.978    1760     4802.9     1033.3
  28.995    1761     4806.7     1029.8
  29.012    1762     4806.1     1024.7
  29.030    1763     4808.1     1024.7
  29.046    1764     4811.5     1020.9
  29.063    1765     4813.1     1020.8
  29.079    1766     4814.5     1020.1
  29.096    1767     4813.7     1015.4
  29.113    1768     4815.2     1015.1
  29.130    1769     4818.0     1015.9
  29.147    1770     4820.3     1015.8
  29.165    1771     4821.1     1015.8
  29.181    1772     4821.8     1016.1
  29.198    1773     4821.6     1016.1
  29.215    1774     4821.4     1015.4
  29.234    1775     4821.8     1013.9
  29.250    1776     4822.3     1012.7
  29.267    1777     4822.6     1011.3
  29.284    1778     4822.9     1010.6
  29.301    1779     4822.4     1008.9
  29.317    1780     4822.4     1007.4
  29.332    1781     4822.4     1005.8
  29.349    1782     4822.6     1004.2
  29.366    1783     4822.6     1002.3
  29.383    1784     4821.7     1000.8
  29.400    1785     4821.4      999.2
  29.417    1786     4823.3     1002.3
  29.434    1787     4822.5     1000.1
  29.451    1788     4823.5     1003.1
  29.468    1789     4824.5     1005.6
  29.485    1790     4824.8     1002.5
  29.504    1791     4824.1      999.3
  29.520    1792     4825.8     1002.0
  29.537    1793     4827.3     1003.0
  29.554    1794     4825.9      998.8
  29.571    1795     4826.7      995.9
  29.587    1796     4828.9      996.4
  29.604    1797     4830.8      996.7
  29.620    1798     4835.6      996.8
  29.637    1799     4839.8      997.5
  29.654    1800     4840.0      996.3
  29.671    1801     4839.3      992.1
  29.689    1802     4838.0      987.0
  29.705    1803     4835.6      979.2
  29.723    1804     4832.0      971.6
  29.739    1805     4828.8      964.3
  29.755    1806     4825.8      957.4
  29.773    1807     4822.4      950.1
  29.789    1808     4820.8      942.8
  29.806    1809     4816.9      936.6
  29.823    1810     4814.1      929.6
  29.840    1811     4814.1      926.3
  29.857    1812     4815.8      928.5
  29.874    1813     4813.3      922.7
  29.891    1814     4809.4      921.7
  29.909    1815     4807.6      914.2
  29.925    1816     4803.2      909.1
  29.942    1817     4803.4      906.7
  29.959    1818     4800.6      906.3
  29.977    1819     4799.7      899.2
  29.993    1820     4800.8      897.2
  30.010    1821     4799.1      891.4
  30.027    1822     4795.6      887.3
  30.043    1823     4792.3      883.5
  30.060    1824     4792.4      879.0
  30.077    1825     4792.6      874.8
  30.094    1826     4793.1      869.6
  30.111    1827     4790.4      866.0
  30.128    1828     4791.2      861.4
  30.146    1829     4791.1      856.7
  30.162    1830     4791.5      853.3
  30.178    1831     4792.1      849.9
  30.195    1832     4791.5      846.6
  30.213    1833     4790.1      844.0
  30.229    1834     4790.4      841.6
  30.246    1835     4790.8      839.4
  30.263    1836     4791.0      837.2
  30.280    1837     4791.2      836.2
  30.297    1838     4790.7      835.9
  30.313    1839     4792.0      834.3
  30.330    1840     4792.1      833.9
  30.347    1841     4791.9      833.0
  30.364    1842     4792.6      831.3
  30.381    1843     4793.3      830.3
  30.399    1844     4794.0      828.8
  30.415    1845     4794.2      827.1
  30.432    1846     4794.6      825.4
  30.448    1847     4794.9      823.9
  30.467    1848     4796.7      822.8
  30.483    1849     4797.8      820.5
  30.500    1850     4798.6      819.1
  30.517    1851     4799.3      817.1
  30.534    1852     4804.0      818.1
  30.551    1853     4804.4      816.2
  30.568    1854     4809.3      816.9
  30.584    1855     4809.2      816.0
  30.601    1856     4814.6      815.6
  30.618    1857     4819.0      815.9
  30.635    1858     4825.9      814.2
  30.652    1859     4826.5      813.8
  30.669    1860     4831.9      814.9
  30.686    1861     4841.0      806.0
  30.704    1862     4845.9      807.3
  30.721    1863     4845.7      807.4
  30.736    1864     4844.9      806.3
  30.753    1865     4844.4      806.1
  30.770    1866     4845.1      804.9
  30.789    1867     4845.2      805.2
  30.804    1868     4845.1      806.3
  30.821    1869     4845.8      806.0
  30.838    1870     4848.1      804.2
  30.855    1871     4849.4      802.3
  30.871    1872     4852.1      798.8
  30.888    1873     4854.3      796.2
  30.905    1874     4856.2      793.9
  30.922    1875     4862.7      792.6
  30.939    1876     4866.5      789.1
  30.956    1877     4873.4      789.8
  30.973    1878     4875.1      787.6
  30.990    1879     4881.3      786.6
  31.006    1880     4888.5      785.2
  31.023    1881     4895.5      784.3
  31.040    1882     4901.8      785.6
  31.057    1883     4912.0      787.6
  31.074    1884     4920.3      784.4
  31.091    1885     4928.4      782.5
  31.109    1886     4933.7      782.9
  31.126    1887     4943.6      782.6
  31.143    1888     4953.8      783.1
  31.159    1889     4956.7      781.5
  31.176    1890     4962.9      781.9
  31.193    1891     4963.1      781.0
  31.210    1892     4967.0      776.5
  31.227    1893     4975.3      773.8
  31.244    1894     4985.2      771.3
  31.261    1895     4983.6      770.0
  31.278    1896     4993.9      766.9
  31.294    1897     5000.8      768.8
  31.311    1898     5008.9      765.9
  31.328    1899     5017.6      764.4
  31.345    1900     5026.0      762.8
  31.362    1901     5030.1      764.8
  31.379    1902     5034.0      766.9
  31.396    1903     5037.7      769.4
  31.413    1904     5041.1      771.9
  31.430    1905     5045.4      774.0
  31.446    1906     5049.2      775.9
  31.463    1907     5056.8      775.1
  31.480    1908     5060.8      776.6
  31.497    1909     5065.3      777.8
  31.514    1910     5070.2      778.5
  31.531    1911     5075.1      779.7
  31.548    1912     5083.5      778.7
  31.564    1913     5088.4      781.1
  31.581    1914     5094.4      782.9
  31.598    1915     5101.7      785.5
  31.615    1916     5108.4      788.4
  31.632    1917     5114.6      791.2
  31.649    1918     5123.3      795.6
  31.666    1919     5129.6      799.3
  31.683    1920     5135.9      801.9
  31.700    1921     5142.1      804.8
  31.716    1922     5147.9      807.5
  31.733    1923     5159.1      806.3
  31.750    1924     5164.4      806.7
  31.767    1925     5168.1      807.0
  31.784    1926     5172.5      806.8
  31.801    1927     5173.6      809.3
  31.818    1928     5174.6      811.8
  31.835    1929     5177.4      812.7
  31.851    1930     5180.0      812.3
  31.868    1931     5183.7      812.5
  31.885    1932     5187.9      813.8
  31.902    1933     5189.0      817.6
  31.919    1934     5192.0      821.6
  31.936    1935     5197.0      822.8
  31.953    1936     5202.2      823.6
  31.970    1937     5208.0      822.4
  31.987    1938     5212.3      823.3
  32.003    1939     5220.4      822.1
  32.020    1940     5224.3      823.7
  32.037    1941     5228.6      824.2
  32.054    1942     5231.8      822.0
  32.073    1943     5237.5      817.7
  32.089    1944     5236.4      817.6
  32.106    1945     5241.2      811.4
  32.123    1946     5240.9      812.9
  32.139    1947     5243.3      806.6
  32.156    1948     5244.7      801.2
  32.173    1949     5246.3      796.8
  32.190    1950     5247.6      792.9
  32.207    1951     5246.2      791.5
  32.224    1952     5248.4      787.2
  32.241    1953     5249.9      784.2
  32.258    1954     5249.2      783.6
  32.274    1955     5247.7      782.7
  32.291    1956     5246.8      782.0
  32.308    1957     5245.7      781.1
  32.325    1958     5245.2      779.1
  32.343    1959     5246.1      775.2
  32.359    1960     5246.0      775.3
  32.376    1961     5248.6      772.3
  32.393    1962     5247.2      772.4
  32.410    1963     5247.9      770.4
  32.426    1964     5245.9      770.2
  32.443    1965     5244.9      770.3
  32.460    1966     5243.9      770.6
  32.477    1967     5245.8      769.2
  32.494    1968     5248.8      767.6
  32.511    1969     5251.6      767.2
  32.528    1970     5255.3      769.1
  32.545    1971     5263.6      772.1
  32.562    1972     5273.1      771.1
  32.578    1973     5277.4      775.1
  32.595    1974     5284.9      773.8
  32.612    1975     5289.2      776.2
  32.629    1976     5289.2      781.1
  32.646    1977     5288.3      785.4
  32.663    1978     5286.0      789.7
  32.680    1979     5283.9      793.8
  32.697    1980     5284.3      795.5
  32.713    1981     5284.1      797.8
  32.730    1982     5285.8      800.3
  32.747    1983     5292.4      803.8
  32.764    1984     5296.2      806.5
  32.781    1985     5297.2      808.6
  32.800    1986     5302.4      806.8
  32.817    1987     5307.4      804.2
  32.835    1988     5312.2      802.9
  32.851    1989     5323.3      802.5
  32.870    1990     5327.5      808.5
  32.886    1991     5328.3      813.6
  32.903    1992     5331.8      819.8
  32.920    1993     5335.7      825.1
  32.937    1994     5339.4      830.1
  32.954    1995     5346.1      833.5
  32.970    1996     5349.9      839.8
  32.986    1997     5358.6      843.1
  33.003    1998     5365.6      848.9
  33.020    1999     5374.3      856.7
  33.037    2000     5388.5      861.8
  33.054    2001     5392.5      866.8
  33.071    2002     5392.5      870.2
  33.088    2003     5390.0      872.8
  33.105    2004     5394.4      877.9
  33.121    2005     5398.1      882.1
  33.138    2006     5401.1      887.3
  33.155    2007     5403.9      892.1
  33.172    2008     5412.7      898.1
  33.189    2009     5422.7      904.0
  33.206    2010     5431.7      911.0
  33.223    2011     5435.3      915.2
  33.240    2012     5439.0      919.4
  33.257    2013     5448.1      925.8
  33.273    2014     5452.6      929.4
  33.290    2015     5456.1      933.7
  33.307    2016     5458.3      937.1
  33.324    2017     5460.3      940.4
  33.341    2018     5468.5      945.6
  33.359    2019     5470.6      949.1
  33.377    2020     5476.7      952.9
  33.393    2021     5483.4      956.6
  33.410    2022     5489.2      960.6
  33.427    2023     5494.4      964.5
  33.443    2024     5499.3      967.8
  33.460    2025     5503.9      970.3
  33.477    2026     5508.5      973.3
  33.494    2027     5512.4      976.7
  33.511    2028     5516.9      978.2
  33.528    2029     5520.0      980.2
  33.544    2030     5523.4      982.3
  33.561    2031     5526.5      984.3
  33.578    2032     5529.9      985.9
  33.595    2033     5533.4      987.3
  33.612    2034     5536.0      988.4
  33.629    2035     5537.8      989.6
  33.646    2036     5537.3      990.0
  33.663    2037     5538.1      989.8
  33.680    2038     5537.9      988.3
  33.696    2039     5538.7      987.2
  33.713    2040     5539.0      986.2
  33.730    2041     5539.5      985.2
  33.747    2042     5539.3      983.7
  33.764    2043     5539.1      982.0
  33.781    2044     5538.8      981.2
  33.798    2045     5537.9      981.1
  33.815    2046     5537.6      979.5
  33.831    2047     5537.0      978.6
  33.848    2048     5540.2      979.5
  33.865    2049     5542.8      979.6
  33.882    2050     5541.9      978.9
  33.899    2051     5544.2      978.9
  33.916    2052     5543.8      977.7
  33.933    2053     5546.3      978.5
  33.950    2054     5548.8      979.5
  33.966    2055     5554.0      982.7
  33.983    2056     5560.1      984.9
  34.000    2057     5564.9      988.3
  34.017    2058     5568.9      989.9
  34.034    2059     5573.7      992.0
  34.051    2060     5576.5      993.2
  34.068    2061     5580.3      997.3
  34.085    2062     5583.7      999.0
  34.102    2063     5586.5     1000.3
  34.118    2064     5588.8     1001.0
  34.135    2065     5591.8     1001.0
  34.152    2066     5594.6     1001.3
  34.170    2067     5597.3     1001.3
  34.190    2068     5599.8     1001.9
  34.206    2069     5602.8     1002.1
  34.226    2070     5606.5     1002.1
  34.245    2071     5609.6     1002.0
  34.264    2072     5611.6     1001.4
  34.282    2073     5613.0     1000.4
  34.300    2074     5612.6      999.5
  34.318    2075     5614.4      998.9
  34.334    2076     5614.8      998.6
  34.353    2077     5616.1      997.7
  34.370    2078     5617.3      996.0
  34.387    2079     5618.0      994.0
  34.404    2080     5619.0      992.6
  34.419    2081     5620.4      992.9
  34.437    2082     5622.1      991.8
  34.454    2083     5624.0      990.0
  34.470    2084     5625.3      988.6
  34.489    2085     5627.5      988.3
  34.507    2086     5629.7      987.9
  34.523    2087     5632.2      987.5
  34.539    2088     5633.1      985.3
  34.557    2089     5634.5      984.2
  34.573    2090     5636.7      984.4
  34.590    2091     5638.2      982.6
  34.608    2092     5640.7      981.0
  34.625    2093     5642.6      979.2
  34.641    2094     5645.2      977.7
  34.660    2095     5648.0      975.7
  34.679    2096     5657.2      970.6
  34.698    2097     5665.4      965.1
  34.715    2098     5673.5      960.9
  34.732    2099     5676.1      959.8
  34.750    2100     5678.8      959.2
  34.766    2101     5682.2      959.2
  34.783    2102     5684.9      958.2
  34.800    2103     5687.6      958.0
  34.817    2104     5690.6      959.0
  34.834    2105     5692.4      958.4
  34.851    2106     5695.4      957.9
  34.867    2107     5697.9      958.6
  34.884    2108     5700.5      959.6
  34.901    2109     5703.1      960.3
  34.917    2110     5705.8      961.2
  34.934    2111     5707.8      961.7
  34.951    2112     5709.2      962.4
  34.970    2113     5712.4      963.6
  34.987    2114     5714.7      964.1
  35.004    2115     5717.9      965.9
  35.021    2116     5719.8      966.6
  35.036    2117     5722.8      967.4
  35.053    2118     5725.4      967.2
  35.070    2119     5728.5      969.8
  35.087    2120     5730.2      971.3
  35.104    2121     5733.1      972.2
  35.121    2122     5735.7      972.6
  35.139    2123     5737.9      973.0
  35.155    2124     5740.1      973.0
  35.172    2125     5742.1      973.6
  35.188    2126     5745.1      973.0
  35.206    2127     5747.2      974.3
  35.222    2128     5749.5      975.8
  35.239    2129     5751.8      976.3
  35.256    2130     5754.2      976.6
  35.274    2131     5757.5      977.7
  35.290    2132     5759.5      978.3
  35.307    2133     5762.1      978.2
  35.323    2134     5764.8      979.3
  35.340    2135     5766.7      980.6
  35.357    2136     5769.1      981.2
  35.376    2137     5772.2      982.5
  35.392    2138     5775.0      983.0
  35.409    2139     5776.2      983.3
  35.426    2140     5778.2      984.4
  35.443    2141     5780.7      985.1
  35.459    2142     5783.2      985.8
  35.476    2143     5785.7      985.7
  35.493    2144     5788.0      986.7
  35.512    2145     5789.7      988.8
  35.530    2146     5792.9      989.5
  35.546    2147     5795.7      990.4
  35.564    2148     5798.1      992.1
  35.579    2149     5800.5      993.4
  35.596    2150     5802.3      994.3
  35.616    2151     5804.3      995.8
  35.632    2152     5807.1      996.9
  35.649    2153     5809.5      998.1
  35.665    2154     5812.2      999.2
  35.682    2155     5813.9     1000.0
  35.699    2156     5816.6     1000.3
  35.716    2157     5819.0     1001.1
  35.732    2158     5822.0     1001.4
  35.749    2159     5825.0     1001.9
  35.766    2160     5826.5     1002.1
  35.783    2161     5829.8     1003.0
  35.800    2162     5832.4     1003.5
  35.817    2163     5835.1     1003.0
  35.834    2164     5837.7     1002.6
  35.852    2165     5840.4     1002.3
  35.867    2166     5842.8     1001.7
  35.884    2167     5845.9     1000.7
  35.903    2168     5848.0      999.5
  35.919    2169     5850.3      998.7
  35.936    2170     5852.8      998.1
  35.954    2171     5856.1      997.9
  35.970    2172     5859.4      997.5
  35.987    2173     5862.3      996.9
  36.003    2174     5865.2      996.4
  36.020    2175     5868.3      996.2
  36.037    2176     5871.9      996.5
  36.054    2177     5875.3      996.5
  36.071    2178     5878.9      997.0
  36.089    2179     5881.8      996.4
  36.106    2180     5884.7      995.5
  36.123    2181     5887.8      995.1
  36.139    2182     5891.8      994.6
  36.156    2183     5893.9      993.6
  36.173    2184     5896.5      993.2
  36.190    2185     5899.1      992.5
  36.207    2186     5901.1      991.7
  36.224    2187     5903.2      991.4
  36.242    2188     5905.6      992.1
  36.259    2189     5906.5      992.3
  36.275    2190     5909.2      992.9
  36.292    2191     5909.9      992.8
  36.309    2192     5912.3      993.3
  36.326    2193     5915.0      992.1
  36.343    2194     5917.6      991.4
  36.360    2195     5920.2      990.7
  36.377    2196     5922.2      990.6
  36.394    2197     5924.0      989.9
  36.410    2198     5926.5      989.8
  36.427    2199     5929.5      989.7
  36.444    2200     5931.5      989.0
  36.461    2201     5933.3      987.5
  36.478    2202     5935.1      985.9
  36.495    2203     5937.0      984.3
  36.512    2204     5938.8      983.0
  36.529    2205     5940.4      981.6
  36.547    2206     5942.7      979.9
  36.563    2207     5944.4      978.7
  36.580    2208     5946.8      976.5
  36.597    2209     5948.9      974.6
  36.614    2210     5951.0      972.9
  36.633    2211     5952.2      971.6
  36.649    2212     5955.3      971.6
  36.666    2213     5956.8      971.3
  36.682    2214     5958.6      972.3
  36.699    2215     5960.8      973.3
  36.716    2216     5963.2      973.4
[ROBOT] Đã dừng điều khiển xe.

[✓] Dừng. 2216 frames. Log → kf_log.csv
