LS — UWB Realtime
  Anchors : ['0x1001', '0x1002', '0x1003', '0x1004']
  Height  : 1400.0 mm

Đang kết nối /dev/serial/by-id/usb-SEGGER_J-Link_000760192143-if00 @ 921600...
OK. Đang chờ dữ liệu... (Ctrl+C để dừng)

[ROBOT] Đã kết nối STM32 @ /dev/serial/by-id/usb-STMicroelectronics_BLUEPILL_F103C8_CDC_in_FS_Mode_498E169E3634-if00. Điều khiển xe bắt đầu.
 Time(s)   Frame      X(mm)      Y(mm)
----------------------------------------
   0.001       1      266.0     1082.8
   0.004       2      182.5      928.5
   0.007       3      246.3     1044.2
   0.010       4      204.0      978.3
   0.012       5      275.7     1069.9
   0.015       6      226.6     1062.7
   0.018       7      269.4     1103.5
   0.021       8      275.2     1052.1
   0.023       9      259.1      997.8
   0.026      10      224.8     1131.9
   0.029      11      245.1     1059.2
   0.032      12      266.6     1123.7
   0.035      13      285.2     1133.2
   0.038      14      239.6     1071.8
   0.040      15      225.7     1007.4
   0.043      16      249.8     1081.9
   0.046      17      238.1     1056.8
   0.048      18      270.7     1051.1
   0.051      19      218.8     1019.6
   0.054      20      230.7     1026.2
   0.056      21      259.4     1018.9
   0.059      22      207.4      993.5
   0.062      23      279.4     1038.3
   0.064      24      246.6     1027.5
   0.067      25      235.9     1075.5
   0.070      26      277.5     1072.2
   0.072      27      172.2      952.5
   0.075      28      265.1     1046.4
   0.078      29      283.2     1059.9
   0.080      30      245.1      963.6
   0.083      31      254.7     1050.5
   0.086      32      273.4     1129.6
   0.088      33      239.5     1050.1
   0.091      34      220.3     1033.1
   0.094      35      229.2      982.2
   0.096      36      263.1     1036.0
   0.099      37      284.2     1024.6
   0.102      38      272.1     1023.9
   0.104      39      201.0      942.3
   0.107      40      263.5     1038.4
   0.110      41      234.0     1042.8
   0.112      42      170.6      976.1
   0.115      43      202.1     1069.9
   0.118      44      202.3     1104.5
   0.120      45      174.4      956.9
   0.123      46      236.5      997.5
   0.126      47      295.7     1051.0
   0.128      48      274.9     1048.8
   0.131      49      274.7     1049.8
   0.134      50      192.5      987.4
   0.136      51      242.1     1032.0
   0.139      52      184.1     1036.3
   0.142      53      297.7     1125.1
   0.144      54      332.4     1066.6
   0.147      55      230.0     1067.6
   0.150      56      253.9      995.2
   0.152      57      282.0     1108.4
   0.155      58      271.4     1114.7
   0.158      59      303.9     1066.2
   0.160      60      321.9     1090.3
   0.163      61      281.0     1123.5
   0.166      62      301.6     1117.3
   0.168      63      266.8     1075.8
   0.171      64      297.4     1053.3
   0.174      65      206.7      998.5
   0.195      67      247.8     1093.2
   0.212      68      281.0     1056.9
   0.228      69      280.0     1142.1
   0.245      70      271.2     1089.6
   0.262      71      285.5     1103.7
   0.279      72      334.6     1106.0
   0.296      73      306.0     1138.5
   0.313      74      286.5     1122.9
   0.330      75      294.2     1109.3
   0.347      76      275.7     1120.8
   0.363      77      295.2     1090.8
   0.380      78      243.6     1090.2
   0.397      79      208.0      984.9
   0.414      80      238.0     1064.0
   0.431      81      287.4     1062.6
   0.448      82      267.1     1073.1
   0.465      83      162.7      942.3
   0.482      84      291.2     1079.7
   0.498      85      283.5     1006.5
   0.515      86      297.0     1066.1
   0.532      87      352.6     1098.7
   0.549      88      308.3     1087.0
   0.566      89      322.5     1151.1
   0.583      90      344.2     1142.5
   0.600      91      349.1     1104.1
   0.617      92      331.0     1102.3
   0.634      93      344.4     1109.7
   0.650      94      335.1     1060.0
   0.667      95      288.9      986.7
   0.684      96      303.7     1033.4
   0.701      97      316.6     1059.3
   0.718      98      364.1     1093.0
   0.735      99      322.7     1121.8
   0.752     100      345.7     1077.5
   0.769     101      368.9     1126.1
   0.786     102      327.2     1102.1
   0.802     103      279.3      990.3
   0.819     104      374.5     1150.5
   0.836     105      387.1     1125.1
   0.853     106      384.8     1114.4
   0.870     107      424.5     1109.3
   0.887     108      406.9     1094.6
   0.904     109      408.2     1067.1
   0.921     110      407.2     1062.4
   0.937     111      407.6     1078.9
   0.954     112      417.1     1046.5
   0.971     113      430.1     1113.5
   0.988     114      490.6     1075.0
   1.005     115      470.4     1097.3
   1.022     116      474.7     1019.9
   1.039     117      492.6     1060.8
   1.056     118      486.1     1109.5
   1.073     119      454.5     1062.8
   1.089     120      503.5     1119.5
   1.106     121      487.1     1176.3
   1.123     122      460.1     1185.4
   1.140     123      463.5     1161.4
   1.157     124      433.8     1060.9
   1.174     125      448.9     1198.6
   1.191     126      464.8     1109.4
   1.209     127      461.3     1118.1
   1.225     128      412.1     1141.0
   1.242     129      365.7      969.4
   1.259     130      463.7     1147.6
   1.276     131      520.7     1205.2
   1.293     132      474.1     1076.6
   1.310     133      418.3     1133.8
   1.327     134      453.7     1118.9
   1.344     135      454.8     1137.8
   1.360     136      478.2     1139.8
   1.377     137      481.5     1128.5
   1.394     138      483.6     1167.5
   1.411     139      538.2     1031.3
   1.428     140      512.2     1107.2
   1.445     141      483.2     1117.5
   1.462     142      521.2     1066.7
   1.479     143      521.3     1086.4
   1.496     144      508.8     1057.9
   1.512     145      578.3     1106.4
   1.529     146      516.5     1154.1
   1.546     147      507.6     1104.7
   1.563     148      543.8     1105.1
   1.580     149      521.7     1123.5
   1.597     150      564.5     1124.4
   1.614     151      533.5     1135.9
   1.631     152      534.4     1152.9
   1.648     153      556.0     1141.3
   1.664     154      560.3     1137.9
   1.680     155      531.8     1125.7
   1.698     156      535.6     1125.5
   1.715     157      524.2     1160.5
   1.732     158      563.3     1167.2
   1.749     159      589.8     1100.9
   1.766     160      546.1     1124.7
   1.783     161      593.2     1121.3
   1.800     162      578.0     1122.2
   1.816     163      614.0     1132.3
   1.832     164      550.9     1106.0
   1.850     165      585.6     1143.8
   1.867     166      547.1     1170.6
   1.883     167      546.6     1115.7
   1.900     168      576.6     1193.8
   1.917     169      501.9     1142.3
   1.934     170      496.0     1183.3
   1.950     171      515.3     1115.9
   1.967     172      547.2     1142.1
   1.984     173      502.9     1074.7
   2.001     174      557.2     1163.2
   2.018     175      582.8     1189.6
   2.035     176      583.8     1242.1
   2.050     177      597.1     1219.8
   2.068     178      586.5     1211.0
   2.084     179      554.4     1268.5
   2.102     180      592.5     1253.7
   2.118     181      624.0     1263.4
   2.134     182      569.4     1218.8
   2.154     183      573.9     1208.7
   2.170     184      620.9     1220.4
   2.187     185      569.0     1162.2
   2.204     186      581.3     1191.5
   2.221     187      586.6     1245.8
   2.238     188      595.7     1198.5
   2.254     189      551.5     1220.7
   2.271     190      593.2     1154.4
   2.288     191      559.0     1168.5
   2.304     192      555.4     1157.0
   2.320     193      543.7     1156.1
   2.338     194      606.0     1178.4
   2.354     195      582.5     1248.1
   2.372     196      619.7     1181.4
   2.388     197      603.3     1203.2
   2.406     198      613.8     1193.4
   2.423     199      568.5     1185.3
   2.440     200      633.1     1195.3
   2.457     201      566.8     1149.9
   2.474     202      585.4     1199.3
   2.491     203      659.8     1226.5
   2.508     204      654.7     1192.7
   2.524     205      650.6     1234.8
   2.541     206      613.8     1203.8
   2.558     207      646.9     1313.6
   2.575     208      646.3     1280.9
   2.592     209      632.1     1301.3
   2.609     210      648.5     1291.0
   2.626     211      639.1     1250.0
   2.642     212      587.7     1194.7
   2.660     213      658.8     1252.8
   2.676     214      641.2     1210.7
   2.692     215      651.1     1287.0
   2.710     216      661.2     1273.6
   2.725     217      591.0     1182.9
   2.745     218      516.7     1080.8
   2.762     219      518.6     1086.0
   2.779     220      744.9     1279.5
   2.796     221      698.1     1269.6
   2.813     222      613.6     1056.8
   2.829     223      562.3     1048.4
   2.845     224      712.4     1192.4
   2.862     225      674.0     1181.3
   2.879     226      690.8     1212.2
   2.896     227      757.8     1280.2
   2.913     228      700.8     1217.0
   2.930     229      792.1     1311.5
   2.948     230      833.2     1301.6
   2.964     231      729.4     1288.2
   2.981     232      736.3     1271.0
   2.998     233      747.8     1272.0
   3.015     234      661.0     1153.0
   3.032     235      680.6     1203.4
   3.047     236      735.3     1252.1
   3.064     237      720.4     1183.0
   3.081     238      778.0     1267.5
   3.098     239      765.2     1229.8
   3.114     240      761.4     1194.1
   3.131     241      807.3     1261.7
   3.149     242      802.8     1263.5
   3.165     243      758.8     1144.6
   3.182     244      555.5      966.5
   3.199     245      845.0     1272.8
   3.216     246      542.8      873.0
   3.233     247      509.9      869.9
   3.250     248      518.9      793.6
   3.265     249      752.0     1200.6
   3.282     250      555.3      930.1
   3.299     251      507.2      806.1
   3.316     252      579.7      951.6
   3.333     253      563.2      932.3
   3.350     254      539.3      875.8
   3.368     255      487.0      863.3
   3.385     256      543.8      795.7
   3.402     257      868.3     1279.8
   3.418     258      826.7     1205.1
   3.435     259      628.7      892.2
   3.451     260      854.3     1187.9
   3.468     261      873.7     1271.2
   3.485     262      906.6     1281.7
   3.502     263      623.5      866.5
   3.519     264      791.2     1120.4
   3.536     265      880.8     1156.2
   3.552     266      759.8     1031.1
   3.570     267      642.0      928.5
   3.587     268      724.8      914.4
   3.606     269      696.3      976.9
   3.622     270      692.8      994.6
   3.639     271      601.1      739.5
   3.655     272      677.3      912.1
   3.672     273      723.3      948.4
   3.690     274      707.5      965.5
   3.706     275      530.7      774.7
   3.723     276      538.5      696.1
   3.740     277      664.1      842.0
   3.758     278      626.3      791.6
   3.775     279      560.9      712.4
   3.792     280      487.8      672.3
   3.809     281      628.4      989.2
   3.825     282      803.0     1085.2
   3.842     283      664.9      994.8
   3.858     284      950.7     1371.1
   3.875     285      427.2      718.0
   3.892     286      637.8      962.5
   3.909     287      787.0     1117.9
   3.926     288      650.1     1086.6
   3.944     289      340.4      697.0
   3.960     290      636.1     1048.5
   3.978     291      210.2      554.0
   3.994     292      693.8     1010.4
   4.012     293      945.2      999.5
   4.029     294      416.7      688.8
   4.046     295      915.0     1273.8
   4.062     296      824.3     1267.7
   4.079     297      981.6     1094.0
   4.096     298      941.9     1079.6
   4.112     299      849.5     1193.7
   4.129     300      986.0     1033.2
   4.153     301      881.6      893.9
   4.172     302      989.2     1061.2
   4.189     303      893.9     1081.1
   4.205     304     1016.0      829.9
   4.222     305      977.4      892.9
   4.239     306     1122.4      927.1
   4.256     307     1004.2      933.8
   4.272     308     1008.6      918.2
   4.289     309      904.3      860.9
   4.306     310     1017.9      994.0
   4.323     311      907.4      897.5
   4.339     312      988.5      927.6
   4.356     313     1046.3      913.7
   4.374     314     1010.9      915.1
   4.390     315      979.0      913.1
   4.408     316     1022.3      963.1
   4.425     317      913.0      816.3
   4.442     318      928.1      864.2
   4.459     319      970.7      740.9
   4.474     320      976.2      875.6
   4.491     321      942.3      820.7
   4.508     322      959.8      812.1
   4.525     323     1024.8      852.0
   4.542     324     1015.1      852.6
   4.559     325      993.5      844.6
   4.576     326     1012.5      828.4
   4.593     327      889.4      759.1
   4.610     328      936.7      861.3
   4.626     329      990.9      869.7
   4.645     330      916.1      852.0
   4.661     331      984.7      792.9
   4.678     332      964.9      837.5
   4.695     333      999.6      676.8
   4.712     334      973.8      756.2
   4.730     335      936.5      810.5
   4.748     336      952.3      767.4
   4.764     337     1038.9      866.6
   4.781     338      985.0      778.7
   4.798     339      946.6      724.5
   4.815     340      910.5      969.9
   4.832     341      963.1     1051.9
   4.849     342     1047.8     1115.8
   4.866     343      967.1     1054.5
   4.882     344     1004.6     1077.3
   4.899     345      943.5      978.5
   4.916     346     1023.7     1055.0
   4.933     347      807.6     1285.1
   4.950     348      943.1     1260.6
   4.967     349      890.8     1219.5
   4.984     350      919.4     1237.1
   5.001     351      907.2     1275.6
   5.018     352      875.1     1305.9
   5.034     353      920.0     1269.3
   5.051     354      872.4     1309.4
   5.067     355      869.0     1344.0
   5.084     356      868.7     1274.0
   5.101     357      954.4     1308.0
   5.118     358      992.4     1246.0
   5.135     359      954.3     1307.9
   5.152     360      970.5     1328.4
   5.169     361      987.0     1222.3
   5.185     362      978.5     1199.3
   5.202     363      919.4     1268.7
   5.219     364      971.9     1229.7
   5.236     365      954.7     1368.6
   5.253     366     1007.2     1288.8
   5.270     367      947.6     1293.7
   5.288     368      975.0     1285.4
   5.305     369      939.4     1251.5
   5.321     370      965.7     1241.1
   5.338     371      965.7     1348.9
   5.355     372      970.4     1220.6
   5.372     373      965.5     1178.7
   5.391     374      979.6     1126.9
   5.407     375      982.2     1203.3
   5.424     376      942.9     1208.8
   5.441     377      989.6     1275.7
   5.457     378      978.9     1149.9
   5.474     379      953.9     1215.9
   5.491     380      988.9     1122.8
   5.508     381      982.4     1186.0
   5.525     382     1037.7     1196.6
   5.542     383      993.5     1207.6
   5.559     384     1002.3     1140.8
   5.576     385     1064.9     1122.0
   5.593     386      994.1     1162.2
   5.611     387      992.2     1136.7
   5.627     388     1056.0     1130.1
   5.644     389     1034.5     1157.4
   5.661     390     1000.5     1143.3
   5.678     391     1000.4     1095.6
   5.695     392     1039.6     1147.6
   5.711     393     1074.8     1171.8
   5.728     394     1033.5     1186.6
   5.744     395     1029.8     1157.4
   5.761     396     1101.4     1124.1
   5.778     397     1111.1     1106.6
   5.795     398     1121.6     1112.1
   5.812     399      993.9     1145.3
   5.829     400     1133.2     1011.5
   5.846     401     1148.4     1117.2
   5.863     402     1102.6      997.4
   5.880     403     1102.7     1056.7
   5.896     404     1113.6     1065.8
   5.913     405     1091.1     1055.2
   5.930     406     1127.2     1123.1
   5.947     407     1167.8     1003.3
   5.964     408     1182.4     1013.2
   5.981     409     1151.2     1046.1
   5.998     410     1182.9      998.5
   6.015     411     1129.9     1029.8
   6.031     412     1117.2     1062.4
   6.048     413     1166.4     1042.1
   6.065     414     1139.6     1037.4
   6.082     415     1188.6     1017.1
   6.099     416     1122.7      965.7
   6.116     417     1169.9      954.3
   6.133     418     1160.0      957.1
   6.150     419     1164.7     1002.1
   6.166     420     1133.5     1062.6
   6.182     421     1138.1      997.6
   6.199     422     1158.4     1002.9
   6.216     423     1160.3     1028.3
   6.233     424     1178.7     1011.7
   6.250     425     1178.9      999.2
   6.267     426     1165.5      963.7
   6.284     427     1175.9      996.6
   6.304     428     1189.0     1055.1
   6.320     429     1145.2      982.9
   6.337     430     1169.5      967.5
   6.354     431     1110.9      962.3
   6.371     432     1210.3     1013.1
   6.388     433     1186.5     1035.3
   6.405     434     1141.6      913.1
   6.422     435     1186.3      957.6
   6.439     436     1129.8     1022.1
   6.455     437     1142.5     1022.7
   6.472     438     1193.8      908.3
   6.489     439     1153.5      962.0
   6.506     440     1174.8      955.9
   6.523     441     1153.9      938.2
   6.540     442     1153.8      950.9
   6.557     443     1199.9      909.8
   6.574     444     1166.9      931.6
   6.590     445     1162.5     1003.4
   6.607     446     1164.5      974.2
   6.624     447     1152.9      914.4
   6.641     448     1174.0      895.3
   6.657     449     1228.0      955.1
   6.675     450     1206.8     1021.6
   6.692     451     1240.2      917.5
   6.709     452     1266.2      981.5
   6.726     453     1240.3     1052.4
   6.742     454     1268.0     1049.3
   6.759     455     1253.3      957.5
   6.776     456      920.1      567.7
   6.793     457     1161.1      975.9
   6.810     458      910.6      617.5
   6.827     459     1250.9     1105.9
   6.845     460     1186.1     1059.7
   6.862     461     1190.2     1104.9
   6.877     462     1178.9      994.6
   6.895     463     1196.4     1018.8
   6.911     464     1250.1     1010.4
   6.927     465     1247.3     1012.4
   6.944     466     1157.2     1013.2
   6.961     467     1221.9      951.7
   6.979     468     1223.1     1019.6
   6.999     469     1211.4      956.2
   7.019     470     1248.1     1005.3
   7.038     471     1280.4     1017.3
   7.058     472     1251.0     1071.7
   7.078     473     1269.0     1012.1
   7.099     474     1278.5     1024.7
   7.117     475     1294.2      988.6
   7.134     476     1264.1     1001.6
   7.150     477     1259.2     1047.7
   7.171     478     1292.2     1029.1
   7.187     479     1331.6      974.2
   7.204     480     1317.5     1047.5
   7.224     481     1461.4      894.3
   7.242     482     1603.2      709.7
   7.258     483     1576.1      745.9
   7.274     484     1422.2      935.5
   7.294     485     1498.7      923.1
   7.311     486     1543.0      763.1
   7.327     487     1445.6      952.3
   7.344     488     1571.9      782.6
   7.361     489     1534.4      831.4
   7.378     490     1444.1      946.8
   7.395     491     1609.9      781.9
   7.412     492     1652.4      842.2
   7.429     493     1580.6      797.2
   7.446     494     1550.0      755.3
   7.463     495     1560.4      749.0
   7.480     496     1563.0      752.4
   7.500     497     1567.0      777.0
   7.516     498     1596.2      820.0
   7.533     499     1463.6      932.9
   7.550     500     1594.3      783.2
   7.570     501     1556.7      733.0
   7.591     502     1593.1      781.5
   7.609     503     1559.9      790.9
   7.625     504     1562.5      889.1
   7.642     505     1576.8      782.9
   7.659     506     1460.8      913.4
   7.676     507     1443.9      810.0
   7.692     508     1542.9      773.2
   7.709     509     1557.1      806.5
   7.725     510     1554.0      821.5
   7.742     511     1496.9      843.4
   7.759     512     1602.3      931.0
   7.776     513     1580.9      864.3
   7.794     514     1572.8      875.0
   7.811     515     1553.4      896.1
   7.828     516     1602.5      895.4
   7.848     517     1594.4      875.5
   7.868     518     1587.7      792.6
   7.885     519     1555.8      902.8
   7.902     520     1487.2     1099.8
   7.919     521     1611.0      823.7
   7.936     522     1645.2      916.6
   7.953     523     1588.7      858.8
   7.969     524     1483.0     1002.2
   7.986     525     1637.4      793.7
   8.003     526     1637.7      841.2
   8.020     527     1384.9      969.7
   8.036     528     1459.2     1009.5
   8.053     529     1445.5     1015.4
   8.070     530     1634.5      799.9
   8.088     531     1585.9      766.4
   8.105     532     1479.3      959.1
   8.122     533     1336.5     1095.5
   8.139     534     1466.7      998.3
   8.155     535     1352.9     1257.4
   8.174     536     1307.4     1176.1
   8.190     537     1366.0     1157.7
   8.207     538     1406.2     1114.4
   8.224     539     1371.4     1135.3
   8.240     540     1445.8     1120.0
   8.257     541     1407.8     1059.2
   8.275     542     1452.8     1105.1
   8.292     543     1461.3     1093.7
   8.309     544     1537.7      947.6
   8.326     545     1519.6      920.4
   8.343     546     1424.1     1046.1
   8.360     547     1485.8     1037.5
   8.376     548     1493.0     1002.2
   8.392     549     1552.4      962.4
   8.409     550     1514.8      982.9
   8.426     551     1569.7      954.3
   8.443     552     1529.7      917.3
   8.460     553     1535.0     1014.3
   8.477     554     1543.7     1071.4
   8.494     555     1540.2     1113.2
   8.511     556     1542.1     1035.2
   8.528     557     1547.6     1021.0
   8.544     558     1539.8     1053.8
   8.561     559     1543.0     1072.2
   8.579     560     1504.0     1067.4
   8.595     561     1494.3     1057.4
   8.612     562     1468.4     1021.1
   8.629     563     1536.9     1105.6
   8.646     564     1433.9     1232.5
   8.663     565     1474.3     1112.4
   8.680     566     1507.3     1110.5
   8.696     567     1484.2     1138.8
   8.713     568     1498.1     1121.6
   8.732     569     1459.9     1189.1
   8.748     570     1404.5     1311.9
   8.765     571     1485.1     1124.2
   8.782     572     1450.0     1234.8
   8.799     573     1433.6     1206.7
   8.816     574     1417.6     1230.9
   8.832     575     1437.0     1165.0
   8.849     576     1378.7     1263.9
   8.866     577     1409.7     1159.6
   8.883     578     1402.6     1295.7
   8.900     579     1441.4     1208.3
   8.917     580     1481.8     1148.8
   8.934     581     1362.1     1257.1
   8.951     582     1403.5     1247.0
   8.968     583     1416.1     1174.5
   8.984     584     1364.9     1142.2
   9.001     585     1304.1     1259.3
   9.018     586     1380.8     1236.7
   9.035     587     1414.7     1161.4
   9.054     588     1401.0     1220.1
   9.070     589     1560.0     1097.5
   9.087     590     1430.1     1190.3
   9.104     591     1519.2     1137.5
   9.120     592     1488.5     1150.3
   9.137     593     1499.1     1141.0
   9.154     594     1509.0     1211.8
   9.171     595     1508.0     1290.0
   9.188     596     1512.0     1214.1
   9.205     597     1607.2     1156.5
   9.222     598     1596.2     1133.3
   9.239     599     1457.2     1229.7
   9.256     600     1643.1     1090.6
   9.272     601     1697.2     1043.0
   9.289     602     1669.1     1044.1
   9.306     603     1671.8     1070.3
   9.323     604     1673.3     1046.1
   9.345     605     1677.4     1051.5
   9.362     606     1556.9     1183.7
   9.378     607     1603.0     1091.5
   9.395     608     1645.9     1085.1
   9.412     609     1674.6     1001.6
   9.429     610     1573.1     1164.2
   9.448     611     1510.0     1147.4
   9.464     612     1700.3      986.5
   9.482     613     1593.8     1149.6
   9.498     614     1615.0     1148.5
   9.515     615     1634.4     1044.6
   9.532     616     1630.7     1027.0
   9.551     617     1572.0     1079.2
   9.567     618     1657.6     1014.7
   9.584     619     1643.3     1077.4
   9.601     620     1571.3     1106.6
   9.618     621     1595.9     1115.9
   9.635     622     1533.6     1149.3
   9.651     623     1724.8     1001.8
   9.668     624     1723.8     1037.0
   9.685     625     1721.6      932.8
   9.702     626     1607.0     1141.2
   9.719     627     1635.0     1075.4
   9.736     628     1738.9      926.5
   9.753     629     1734.1      937.7
   9.771     630     1744.8      941.9
   9.787     631     1843.6      898.7
   9.804     632     1840.4      847.6
   9.821     633     1851.1      954.4
   9.838     634     1859.9      851.6
   9.855     635     1818.7      887.0
   9.871     636     1852.4      911.6
   9.888     637     1864.5      889.7
   9.905     638     1824.9      873.8
   9.921     639     1902.2      830.4
   9.938     640     1865.3      850.2
   9.955     641     1933.5      804.2
   9.972     642     1948.5      814.5
   9.988     643     1886.5      760.6
  10.005     644     1904.6      774.8
  10.022     645     1909.3      801.3
  10.040     646     1928.2      758.0
  10.057     647     1912.1      832.1
  10.072     648     1944.9      761.7
  10.090     649     1918.0      763.7
  10.107     650     1948.6      785.0
  10.124     651     1921.7      778.4
  10.141     652     1930.5      819.2
  10.159     653     1955.3      765.4
  10.176     654     1920.5      835.4
  10.192     655     1970.0      745.8
  10.208     656     1955.0      802.9
  10.225     657     1939.3      801.5
  10.242     658     1923.0      807.6
  10.259     659     1964.6      788.1
  10.276     660     1945.7      848.3
  10.293     661     1968.4      820.3
  10.310     662     1921.0      913.1
  10.328     663     1972.7      817.3
  10.344     664     1936.7      798.1
  10.361     665     1942.6      853.3
  10.378     666     1956.3      834.1
  10.395     667     1916.7      866.8
  10.412     668     1904.8      861.3
  10.429     669     1887.0      876.1
  10.446     670     1890.5      890.3
  10.463     671     1883.3      861.6
  10.480     672     1909.4      829.1
  10.495     673     1903.9      898.2
  10.512     674     1920.1      901.1
  10.529     675     1932.0      887.6
  10.546     676     1940.5      870.8
  10.563     677     1925.2      810.9
  10.581     678     1878.8      875.5
  10.598     679     1899.4      873.5
  10.615     680     1907.9      912.4
  10.632     681     1887.3      970.5
  10.650     682     1904.0      937.7
  10.668     683     1964.6      872.3
  10.688     684     1966.5      874.8
  10.709     685     1958.8      864.5
  10.729     686     1947.2      859.1
  10.746     687     1909.9      961.0
  10.768     688     1902.2      950.7
  10.785     689     1898.6      872.1
  10.802     690     1928.8      883.8
  10.819     691     1906.4      891.1
  10.836     692     1911.3      957.3
  10.853     693     1929.5      895.9
  10.870     694     1909.2      915.3
  10.887     695     1926.3      918.4
  10.903     696     1911.5      938.2
  10.920     697     1871.6      951.2
  10.937     698     1960.5      944.3
  10.954     699     1955.7      957.6
  10.971     700     1962.3      967.6
  10.989     701     1949.2      909.3
  11.006     702     1935.6      970.5
  11.023     703     1969.5      946.6
  11.040     704     1998.1      928.6
  11.056     705     1971.8      949.8
  11.073     706     2000.1      919.6
  11.089     707     2003.8      915.4
  11.106     708     1968.5      859.5
  11.123     709     1983.0      888.4
  11.140     710     1995.1      932.6
  11.157     711     1999.6      920.2
  11.174     712     1963.7      891.3
  11.191     713     2012.6      975.7
  11.208     714     2013.3      928.5
  11.225     715     2028.8      911.2
  11.242     716     2037.8      941.7
  11.259     717     2032.9      916.4
  11.276     718     2014.2      900.6
  11.292     719     2068.3      869.2
  11.309     720     1945.3     1038.8
  11.326     721     2032.6      916.8
  11.342     722     2015.9      999.7
  11.359     723     1993.5      919.7
  11.376     724     2008.6      940.9
  11.394     725     1928.9      964.2
  11.411     726     1901.0     1056.9
  11.428     727     1945.8     1049.0
  11.445     728     1897.7     1027.4
  11.462     729     1946.1     1112.0
  11.478     730     1903.3     1142.3
  11.495     731     1916.6     1070.5
  11.511     732     1854.6     1079.3
  11.528     733     1865.9     1100.9
  11.545     734     1923.3     1123.2
  11.562     735     1926.6     1146.1
  11.579     736     1938.2     1095.7
  11.597     737     1935.5     1139.5
  11.614     738     1962.7     1155.0
  11.630     739     1959.9     1124.0
  11.647     740     1946.5     1055.8
  11.664     741     1986.4     1077.6
  11.681     742     1977.7     1158.4
  11.697     743     1987.8     1097.9
  11.714     744     1931.7     1144.6
  11.731     745     1955.7     1129.6
  11.748     746     2002.9     1148.1
  11.764     747     1990.5     1140.8
  11.780     748     2000.2     1112.0
  11.797     749     1949.3     1127.1
  11.814     750     1952.3     1080.8
  11.831     751     1809.0     1252.5
  11.848     752     1962.0     1099.2
  11.865     753     1913.3     1113.4
  11.882     754     1944.1     1064.3
  11.900     755     1990.7     1090.2
  11.916     756     1919.0     1145.2
  11.933     757     1938.6     1186.7
  11.952     758     1997.9     1080.5
  11.968     759     1951.2     1130.4
  11.985     760     1959.7     1118.5
  12.001     761     1995.7     1088.7
  12.018     762     1988.6     1109.2
  12.036     763     1976.1     1153.6
  12.051     764     2050.9     1022.4
  12.068     765     2032.0     1098.2
  12.086     766     1997.7     1130.4
  12.103     767     1952.5     1077.0
  12.120     768     1979.3     1150.4
  12.137     769     2050.8     1088.8
  12.154     770     2014.4     1131.1
  12.171     771     1985.5     1142.2
  12.187     772     2002.2     1130.1
  12.203     773     2026.2     1099.1
  12.220     774     2017.0     1179.3
  12.237     775     1992.1     1190.4
  12.254     776     1987.4     1189.7
  12.271     777     2084.4     1089.1
  12.289     778     2061.2     1073.7
  12.306     779     2059.1     1071.9
  12.323     780     2146.8      982.9
  12.340     781     2137.8      961.5
  12.356     782     2218.4      944.5
  12.373     783     2232.5      896.6
  12.389     784     2203.7      896.7
  12.406     785     2211.1      896.6
  12.424     786     2237.7      924.6
  12.440     787     2131.4     1037.9
  12.457     788     2287.7      875.6
  12.474     789     2225.4      821.9
  12.490     790     2243.0      872.9
  12.506     791     2300.7      847.0
  12.523     792     2241.0      863.0
  12.540     793     2106.1     1077.2
  12.557     794     2295.4      831.0
  12.574     795     2305.3      857.6
  12.591     796     2300.0      803.2
  12.608     797     2176.5     1006.8
  12.625     798     2284.8      828.1
  12.641     799     2162.0     1014.4
  12.658     800     2214.3      956.7
  12.675     801     2332.1      872.9
  12.693     802     2316.8      780.0
  12.710     803     2165.3      982.2
  12.729     804     2309.0      835.0
  12.745     805     2014.3     1246.0
  12.762     806     2325.6      824.5
  12.778     807     2354.6      842.7
  12.794     808     2323.4      764.3
  12.811     809     2202.6      999.6
  12.828     810     1912.6     1370.3
  12.845     811     2052.0     1172.6
  12.864     812     2146.8     1068.6
  12.880     813     2194.6     1084.8
  12.898     814     2118.9     1117.4
  12.914     815     2070.7     1143.0
  12.931     816     2228.9      993.6
  12.948     817     1921.8     1256.4
  12.965     818     2156.3     1096.9
  12.982     819     2063.3     1248.5
  12.998     820     2043.9     1155.3
  13.015     821     1969.2     1402.8
  13.032     822     2063.8     1248.4
  13.050     823     1945.7     1428.3
  13.066     824     2005.8     1228.2
  13.083     825     2010.6     1256.5
  13.101     826     1879.7     1414.8
  13.118     827     2030.5     1258.6
  13.134     828     1966.3     1384.7
  13.152     829     2036.2     1290.6
  13.169     830     1907.5     1422.8
  13.186     831     1946.8     1439.2
  13.201     832     1983.2     1407.2
  13.218     833     1957.3     1356.8
  13.235     834     2000.1     1459.5
  13.252     835     1993.7     1433.3
  13.269     836     2129.8     1263.5
  13.286     837     2072.7     1379.5
  13.304     838     2180.3     1201.2
  13.320     839     2090.7     1348.6
  13.338     840     1992.9     1435.5
  13.353     841     1977.1     1392.4
  13.370     842     1980.4     1461.7
  13.388     843     1984.9     1427.4
  13.404     844     2110.0     1289.5
  13.421     845     2005.1     1491.2
  13.438     846     1955.9     1483.4
  13.455     847     2277.4     1149.6
  13.473     848     2016.8     1523.1
  13.489     849     2109.8     1348.7
  13.506     850     2019.4     1480.5
  13.523     851     2129.4     1317.9
  13.541     852     2029.0     1370.0
  13.557     853     2213.4     1239.3
  13.575     854     2330.3     1051.3
  13.591     855     2190.1     1180.6
  13.608     856     2100.0     1433.0
  13.625     857     2182.7     1196.4
  13.641     858     2195.2     1294.4
  13.658     859     2246.4     1180.7
  13.675     860     2243.9     1204.6
  13.692     861     2274.8     1254.6
  13.709     862     2164.4     1161.8
  13.726     863     2231.4     1188.2
  13.743     864     2279.3     1171.3
  13.760     865     2245.8     1161.6
  13.777     866     2220.2     1226.0
  13.793     867     2246.1     1240.9
  13.810     868     2228.3     1111.7
  13.827     869     2392.5      916.4
  13.844     870     2369.5     1020.1
  13.861     871     2269.2     1122.5
  13.878     872     2445.4     1058.1
  13.895     873     2449.9     1025.8
  13.912     874     2440.7      913.2
  13.929     875     2404.6      973.7
  13.945     876     2478.3      834.6
  13.962     877     2467.1      764.8
  13.979     878     2421.6      830.6
  13.996     879     2327.0     1002.3
  14.013     880     2459.8      857.9
  14.030     881     2277.5     1034.5
  14.047     882     2296.8     1012.1
  14.063     883     2364.6      997.1
  14.080     884     2412.8      935.1
  14.097     885     2203.2     1154.7
  14.114     886     2328.1     1020.0
  14.131     887     2171.4     1200.3
  14.148     888     2234.0     1224.4
  14.165     889     2234.2     1312.9
  14.182     890     2236.8     1238.6
  14.199     891     2350.1     1057.2
  14.215     892     2208.3     1258.1
  14.232     893     2233.3     1194.6
  14.249     894     2198.8     1198.1
  14.266     895     2198.7     1188.6
  14.283     896     2189.4     1215.0
  14.300     897     2355.4     1118.1
  14.317     898     2253.5     1252.5
  14.334     899     2196.1     1262.4
  14.352     900     2247.4     1193.9
  14.368     901     2204.3     1274.1
  14.387     902     2219.7     1235.5
  14.403     903     2181.6     1262.2
  14.420     904     2216.2     1250.8
  14.437     905     2272.3     1266.5
  14.454     906     2185.2     1227.0
  14.471     907     2249.0     1301.6
  14.487     908     2217.3     1306.7
  14.504     909     2204.7     1325.8
  14.521     910     2205.8     1365.2
  14.539     911     2197.2     1417.7
  14.555     912     2182.8     1353.2
  14.573     913     2201.0     1377.5
  14.590     914     2208.9     1401.9
  14.606     915     2168.1     1375.7
  14.623     916     2180.0     1452.9
  14.640     917     2343.6     1254.7
  14.657     918     2298.6     1232.9
  14.674     919     2324.7     1249.2
  14.691     920     2326.4     1212.2
  14.709     921     2281.8     1181.4
  14.726     922     2315.8     1208.6
  14.742     923     2503.7      935.0
  14.759     924     2167.5     1396.0
  14.776     925     2370.4     1182.3
  14.793     926     2345.2     1139.4
  14.810     927     2243.1     1335.9
  14.827     928     2220.5     1343.0
  14.844     929     2162.6     1321.3
  14.861     930     2269.8     1344.6
  14.878     931     2254.9     1376.1
  14.894     932     2235.2     1260.1
  14.911     933     2255.0     1305.4
  14.928     934     2277.4     1298.0
  14.945     935     2295.6     1341.4
  14.962     936     2318.8     1316.5
  14.979     937     2297.5     1241.2
  14.996     938     2344.3     1331.5
  15.012     939     2332.9     1363.8
  15.030     940     2297.4     1361.3
  15.051     941     2297.4     1361.3
  15.067     942     2363.3     1262.9
  15.084     943     2335.2     1272.5
  15.102     944     2330.1     1255.5
  15.118     945     2328.3     1310.5
  15.135     946     2316.6     1294.8
  15.151     947     2282.3     1296.1
  15.168     948     2358.7     1312.9
  15.187     949     2495.7     1111.3
  15.203     950     2368.6     1268.9
  15.220     951     2458.0     1184.1
  15.237     952     2487.8     1123.2
  15.254     953     2414.8     1125.1
  15.271     954     2446.7     1170.1
  15.287     955     2227.9      894.9
  15.305     956     2417.9     1170.0
  15.321     957     2445.5     1169.0
  15.338     958     2421.1     1165.4
  15.358     959     2412.2     1153.5
  15.375     960     2599.5      945.6
  15.393     961     2386.6     1187.8
  15.409     962     2436.5     1225.3
  15.428     963     2479.3     1156.5
  15.447     964     2487.5     1176.5
  15.464     965     2480.6     1054.6
  15.482     966     2383.1     1165.5
  15.502     967     2280.3     1302.7
  15.520     968     2292.5     1366.5
  15.539     969     2505.3     1088.4
  15.553     970     2398.9     1224.5
  15.570     971     2348.3     1337.2
  15.588     972     2412.0     1233.5
  15.604     973     2351.7     1238.3
  15.621     974     2838.7      640.9
  15.640     975     2766.0      676.4
  15.659     976     2815.7      610.2
  15.677     977     2402.6     1192.5
  15.693     978     2403.5     1222.2
  15.711     979     2457.7     1162.7
  15.728     980     2466.5     1229.4
  15.746     981     2487.3     1202.2
  15.762     982     2550.2     1127.9
  15.779     983     2530.6     1188.7
  15.796     984     2531.1     1149.0
  15.813     985     2548.0     1130.5
  15.830     986     2608.1     1171.6
  15.847     987     2533.9     1187.7
  15.867     988     2523.1     1145.4
  15.883     989     2462.2     1204.0
  15.899     990     2584.9     1129.1
  15.916     991     2589.0     1095.1
  15.933     992     2564.7     1218.1
  15.950     993     2566.7     1153.0
  15.967     994     2623.4     1103.7
  15.983     995     2577.3     1103.0
  16.001     996     2561.2     1141.0
  16.018     997     2550.2     1085.4
  16.035     998     2574.1     1130.7
  16.052     999     2611.2     1100.4
  16.069    1000     2581.0     1082.7
  16.086    1001     2615.9     1129.2
  16.103    1002     2571.8     1137.4
  16.118    1003     2604.3     1132.2
  16.135    1004     2590.6     1134.2
  16.154    1005     2634.3     1194.4
  16.171    1006     2627.3     1222.0
  16.187    1007     2590.8     1192.6
  16.204    1008     2594.9     1133.2
  16.221    1009     2617.0     1183.8
  16.239    1010     2599.1     1206.1
  16.254    1011     2612.4     1207.3
  16.271    1012     2631.7     1155.4
  16.288    1013     2640.1     1124.9
  16.305    1014     2613.9     1193.6
  16.322    1015     2643.1     1132.3
  16.339    1016     2618.4     1133.1
  16.359    1017     2602.8     1201.3
  16.380    1018     2646.4     1143.0
  16.405    1019     2646.4     1143.0
  16.424    1020     2628.5     1092.8
  16.443    1021     2666.8     1048.7
  16.465    1022     2659.5     1038.9
  16.484    1023     2669.2     1051.9
  16.505    1024     2688.3     1026.4
  16.525    1025     2698.4     1039.9
  16.542    1026     2702.3     1132.2
  16.558    1027     2625.8     1264.1
  16.580    1028     2653.2     1300.6
  16.600    1029     2702.6     1276.9
  16.617    1030     2758.1     1156.9
  16.633    1031     2786.5     1165.7
  16.652    1032     2808.7     1128.0
  16.673    1033     2773.6     1081.3
  16.691    1034     2697.5     1202.8
  16.713    1035     2697.5     1202.8
  16.729    1036     2746.1     1200.3
  16.746    1037     2732.2     1166.6
  16.763    1038     2716.0     1285.4
  16.781    1039     2779.1     1255.9
  16.799    1040     2766.5     1145.7
  16.815    1041     2986.1      969.3
  16.832    1042     2919.3     1087.1
  16.849    1043     2829.1     1158.1
  16.866    1044     3079.7      979.3
  16.883    1045     2855.2     1222.8
  16.898    1046     2857.2     1148.6
  16.915    1047     2857.0     1121.9
  16.932    1048     2869.8     1188.8
  16.949    1049     2880.6     1100.6
  16.965    1050     2819.1     1094.4
  16.982    1051     2839.2     1074.8
  16.999    1052     2928.1      994.8
  17.016    1053     2854.9     1022.2
  17.033    1054     2886.3     1002.5
  17.050    1055     2928.4      935.1
  17.067    1056     2858.2      986.8
  17.084    1057     2905.9      975.6
  17.102    1058     2872.4      945.1
  17.118    1059     2925.4      939.0
  17.135    1060     2905.0      943.2
  17.152    1061     2927.1      917.8
  17.169    1062     2910.3      859.3
  17.186    1063     2932.6      915.1
  17.202    1064     2971.9      931.2
  17.219    1065     2955.4      889.5
  17.236    1066     2962.0      936.2
  17.252    1067     2949.2      931.6
  17.269    1068     2975.1      864.9
  17.286    1069     2953.9      900.3
  17.304    1070     2962.3      930.2
  17.321    1071     2978.2      884.3
  17.338    1072     2993.8      880.9
  17.355    1073     2970.0      860.4
  17.372    1074     3016.8      855.8
  17.389    1075     2997.3      843.6
  17.404    1076     2982.4      896.2
  17.421    1077     2986.2      891.0
  17.438    1078     2984.7      904.2
  17.455    1079     2983.7      879.1
  17.474    1080     2977.9      863.5
  17.490    1081     2982.0      865.4
  17.507    1082     2983.6      838.3
  17.524    1083     2957.7      849.1
  17.540    1084     2960.8      848.5
  17.557    1085     2971.3      821.9
  17.574    1086     2939.3      828.5
  17.591    1087     2926.9      840.7
  17.609    1088     2966.8      853.5
  17.626    1089     2969.5      859.7
  17.642    1090     2961.0      808.3
  17.659    1091     2962.8      848.2
  17.676    1092     2934.0      817.5
  17.694    1093     2996.3      807.6
  17.712    1094     2961.3      895.0
  17.728    1095     3004.6      837.3
  17.745    1096     3028.2      826.5
  17.762    1097     3037.9      763.9
  17.779    1098     3035.3      774.8
  17.796    1099     3037.0      780.7
  17.812    1100     3019.8      788.0
  17.829    1101     3071.8      771.6
  17.845    1102     3034.4      829.0
  17.861    1103     3029.9      801.4
  17.878    1104     3029.9      793.1
  17.895    1105     3042.4      818.2
  17.911    1106     3062.6      811.3
  17.929    1107     3071.2      832.1
  17.945    1108     3051.9      847.0
  17.962    1109     3064.4      855.1
  17.979    1110     3074.3      786.4
  17.996    1111     3078.8      828.9
  18.013    1112     3080.5      819.2
  18.030    1113     3046.6      808.7
  18.046    1114     3081.3      825.1
  18.063    1115     3061.5      852.0
  18.080    1116     3117.4      815.1
  18.097    1117     3087.6      848.3
  18.114    1118     3073.7      859.9
  18.130    1119     3110.4      831.8
  18.147    1120     3082.5      871.7
  18.164    1121     3100.6      877.1
  18.181    1122     3090.6      868.3
  18.199    1123     3133.3      883.8
  18.215    1124     3142.8      829.4
  18.232    1125     3123.5      818.6
  18.248    1126     3122.2      832.8
  18.265    1127     3141.2      944.3
  18.282    1128     3124.3      917.1
  18.298    1129     3097.3      891.5
  18.315    1130     3105.5      845.1
  18.332    1131     3114.4      826.4
  18.349    1132     3105.4      909.9
  18.365    1133     3123.9      908.2
  18.382    1134     3084.1      887.9
  18.399    1135     3097.3      908.2
  18.416    1136     3114.8      955.0
  18.432    1137     3107.3      918.9
  18.449    1138     3112.0      927.0
  18.466    1139     3104.9      951.0
  18.483    1140     3125.8      912.0
  18.501    1141     3076.9      876.5
  18.517    1142     3122.7      893.0
  18.534    1143     3147.7      824.1
  18.551    1144     3122.4      895.7
  18.568    1145     3096.4      888.3
  18.584    1146     3064.7      875.9
  18.601    1147     3084.1      959.0
  18.618    1148     3105.1      845.7
  18.635    1149     3148.6      827.5
  18.652    1150     3155.1      884.1
  18.669    1151     3065.5      937.0
  18.686    1152     3112.7      964.0
  18.703    1153     3095.8      938.8
  18.720    1154     3083.0      941.8
  18.736    1155     3091.5      972.3
  18.753    1156     3022.2     1037.5
  18.770    1157     3071.6      971.1
  18.787    1158     3119.9      925.0
  18.806    1159     3158.4      892.0
  18.822    1160     3031.0     1015.3
  18.839    1161     3146.5      924.8
  18.856    1162     3206.4      864.9
  18.874    1163     3211.8      829.1
  18.890    1164     3206.4      839.7
  18.907    1165     3155.7      994.7
  18.924    1166     3176.5      946.3
  18.941    1167     3146.6      985.2
  18.963    1168     3135.7      970.7
  18.984    1169     3179.6     1029.2
  19.003    1170     3261.5      919.8
  19.019    1171     3242.5      846.3
  19.036    1172     3202.9      943.7
  19.054    1173     3192.3      952.7
  19.070    1174     3280.8      974.6
  19.087    1175     3245.2      927.1
  19.106    1176     3252.6      905.9
  19.122    1177     3240.5      956.4
  19.139    1178     3220.2      941.5
  19.156    1179     3247.0      979.5
  19.173    1180     3192.4      969.0
  19.189    1181     3197.3      992.5
  19.206    1182     3182.2     1032.9
  19.223    1183     3201.8      977.6
  19.240    1184     3204.8      966.8
  19.257    1185     3194.9     1025.6
  19.274    1186     3186.4     1020.9
  19.292    1187     3140.0     1025.3
  19.309    1188     3167.4     1058.1
  19.325    1189     3201.3     1021.3
  19.342    1190     3171.1     1085.9
  19.359    1191     3134.9     1112.6
  19.376    1192     3111.3     1157.8
  19.393    1193     3205.8     1093.9
  19.410    1194     3138.0     1094.1
  19.427    1195     3170.1     1120.8
  19.444    1196     3151.6     1171.3
  19.461    1197     3187.8     1079.8
  19.477    1198     3017.7      858.3
  19.494    1199     2926.8      936.9
  19.511    1200     2974.2      966.3
  19.528    1201     3489.7      339.9
  19.545    1202     2817.2      707.1
  19.562    1203     2869.6      758.6
  19.579    1204     3025.1     1057.0
  19.595    1205     2854.7      804.4
  19.612    1206     2886.0      744.8
  19.629    1207     2840.6      867.7
  19.646    1208     2853.3      869.8
  19.663    1209     2919.7      921.2
  19.680    1210     2959.0      930.6
  19.697    1211     2986.9      859.8
  19.714    1212     2953.4      858.1
  19.731    1213     2977.2      901.7
  19.748    1214     2977.1      887.0
  19.765    1215     2996.8      971.3
  19.781    1216     3043.1      936.6
  19.800    1217     3114.4      797.4
  19.816    1218     3009.7      951.2
  19.833    1219     3013.6     1051.4
  19.850    1220     3029.5     1090.2
  19.868    1221     3077.2      974.9
  19.884    1222     3032.1     1054.3
  19.902    1223     3250.5      864.0
  19.919    1224     3061.0     1024.8
  19.936    1225     3050.5     1057.8
  19.953    1226     3302.5      858.7
  19.971    1227     3241.1      769.5
  19.988    1228     3231.2      823.6
  20.005    1229     3211.4      907.0
  20.020    1230     3254.8      837.3
  20.038    1231     3395.3      692.0
  20.055    1232     3390.4      730.6
  20.072    1233     3238.9      913.2
  20.090    1234     3108.2     1021.7
  20.107    1235     3368.6      719.3
  20.124    1236     3394.2      719.8
  20.141    1237     3265.1      814.4
  20.157    1238     3138.9     1019.7
  20.174    1239     3267.3      792.7
  20.191    1240     3327.3      740.5
  20.208    1241     3259.2      799.3
  20.224    1242     3258.6      911.8
  20.241    1243     3153.6      985.4
  20.258    1244     3075.4     1051.7
  20.275    1245     3126.6     1030.8
  20.291    1246     3142.8     1022.1
  20.309    1247     3122.9     1062.0
  20.326    1248     3128.4     1059.3
  20.343    1249     3153.3     1090.2
  20.360    1250     3117.2     1034.9
  20.377    1251     3116.0     1060.6
  20.394    1252     3093.9     1048.7
  20.411    1253     3077.0     1018.4
  20.428    1254     3082.3     1085.3
  20.443    1255     3041.1     1005.6
  20.460    1256     3103.3      999.6
  20.477    1257     2886.7      753.2
  20.494    1258     3048.1      967.4
  20.511    1259     3072.7      963.4
  20.528    1260     2920.5      707.4
  20.545    1261     2892.7      737.9
  20.562    1262     2894.4      700.3
  20.578    1263     2920.0      726.7
  20.595    1264     2933.1      740.8
  20.612    1265     2917.6      707.6
  20.629    1266     2972.5      729.2
  20.646    1267     2944.2      748.7
  20.663    1268     2964.6      716.8
  20.680    1269     2959.4      697.3
  20.697    1270     2953.5      772.9
  20.714    1271     2973.6      748.1
  20.729    1272     2963.7      774.7
  20.746    1273     2979.2      815.4
  20.763    1274     2973.7      764.9
  20.780    1275     3012.8      765.4
  20.796    1276     3047.6      767.4
  20.814    1277     3050.7      848.1
  20.831    1278     3048.1      871.0
  20.848    1279     3057.3      888.2
  20.865    1280     3086.9      841.3
  20.881    1281     3277.9      631.7
  20.898    1282     3167.1      942.9
  20.914    1283     3120.2      890.8
  20.932    1284     3159.5      947.3
  20.948    1285     3110.5      938.9
  20.965    1286     3135.5      848.8
  20.982    1287     3179.1      943.6
  20.999    1288     3228.9      997.1
  21.016    1289     3237.9     1036.2
  21.033    1290     3233.9      986.7
  21.052    1291     3202.2      972.7
  21.068    1292     3241.0      985.3
  21.085    1293     3284.5      971.2
  21.102    1294     3271.8     1026.3
  21.118    1295     3300.7     1001.2
  21.135    1296     3234.7      957.2
  21.151    1297     3171.1      762.0
  21.168    1298     3253.6      893.2
  21.185    1299     3275.8      967.9
  21.202    1300     3199.2      827.3
  21.220    1301     3133.1      770.1
  21.237    1302     3183.2      756.9
  21.254    1303     3129.3      744.2
  21.271    1304     3080.6      668.1
  21.288    1305     3109.2      717.4
  21.304    1306     3121.7      730.0
  21.320    1307     3122.2      768.6
  21.337    1308     3149.7      764.8
  21.354    1309     3151.2      783.4
  21.371    1310     3311.7      970.4
  21.388    1311     3121.0      750.0
  21.405    1312     3201.1      822.4
  21.423    1313     3248.7      915.0
  21.439    1314     3269.6      958.7
  21.456    1315     3390.4     1064.7
  21.474    1316     3340.1      997.6
  21.490    1317     3328.0     1047.7
  21.507    1318     3315.2     1033.0
  21.523    1319     3326.3     1027.9
  21.541    1320     3349.3     1037.9
  21.558    1321     3318.2     1065.2
  21.576    1322     3345.0     1110.7
  21.596    1323     3323.0     1081.5
  21.615    1324     3316.5     1065.3
  21.630    1325     3329.4     1031.5
  21.647    1326     3352.3     1010.9
  21.664    1327     3301.0     1069.5
  21.680    1328     3311.2     1055.8
  21.698    1329     3290.5     1000.2
  21.714    1330     3320.6     1074.3
  21.730    1331     3330.6     1057.8
  21.747    1332     3284.4     1029.5
  21.764    1333     3304.9     1105.1
  21.781    1334     3337.3     1107.4
  21.798    1335     3337.6     1097.0
  21.816    1336     3324.2     1052.5
  21.832    1337     3506.6      871.3
  21.850    1338     3516.8      830.5
  21.866    1339     3468.0      845.8
  21.883    1340     3458.6      795.4
  21.900    1341     3473.1      828.9
  21.916    1342     3344.8     1062.1
  21.933    1343     3314.3     1140.1
  21.950    1344     3513.9      813.7
  21.967    1345     3501.3      801.2
  21.983    1346     3682.6      479.5
  22.000    1347     3503.6      778.4
  22.018    1348     3325.4     1050.4
  22.035    1349     3301.8     1092.5
  22.052    1350     3386.8     1081.6
  22.069    1351     3350.1     1036.0
  22.086    1352     3383.6     1064.6
  22.103    1353     3541.2      775.0
  22.119    1354     3377.0     1082.6
  22.135    1355     3348.7     1048.4
  22.152    1356     3567.4      800.2
  22.169    1357     3380.5     1032.7
  22.186    1358     3341.0     1094.6
  22.203    1359     3321.0      993.8
  22.221    1360     3502.4      751.9
  22.238    1361     3344.8      923.8
  22.255    1362     3304.8      992.9
  22.271    1363     3304.6      935.0
  22.288    1364     3321.8      902.9
  22.305    1365     3280.8      862.6
  22.321    1366     3221.5      797.0
  22.338    1367     3236.7      844.5
  22.355    1368     3270.3      803.2
  22.372    1369     3350.8     1012.2
  22.389    1370     3505.5     1149.2
  22.407    1371     3299.7      925.9
  22.425    1372     3318.9      900.3
  22.442    1373     3557.6     1124.9
  22.459    1374     3551.0     1109.2
  22.476    1375     3570.8     1117.5
  22.493    1376     3410.8      834.4
  22.510    1377     3487.2     1010.8
  22.526    1378     3574.2     1117.4
  22.542    1379     3339.4      853.0
  22.559    1380     3405.2      772.8
  22.576    1381     3353.7      881.6
  22.593    1382     3398.5      910.3
  22.610    1383     3447.4      880.5
  22.628    1384     3414.0      866.6
  22.645    1385     3588.7     1108.6
  22.662    1386     3577.1     1152.5
  22.678    1387     3657.0     1187.4
  22.695    1388     3625.1     1185.4
  22.712    1389     3620.9     1182.9
  22.728    1390     3616.9     1171.3
  22.744    1391     3588.2     1107.9
  22.761    1392     3613.0     1099.4
  22.778    1393     3619.4     1154.6
  22.795    1394     3592.8     1051.0
  22.813    1395     3598.3     1103.0
  22.830    1396     3575.6     1064.6
  22.848    1397     3553.0     1061.0
  22.865    1398     3556.2     1048.8
  22.882    1399     3603.9     1089.1
  22.898    1400     3637.9     1123.5
  22.915    1401     3604.1     1113.9
  22.932    1402     3620.7     1098.4
  22.949    1403     3597.7     1067.7
  22.965    1404     3588.9     1076.1
  22.982    1405     3648.0     1062.1
  22.999    1406     3630.9     1127.2
  23.016    1407     3668.2     1117.7
  23.034    1408     3696.0     1126.3
  23.050    1409     3666.1     1107.9
  23.068    1410     3660.4     1156.5
  23.085    1411     3645.6     1121.4
  23.101    1412     3660.1     1130.7
  23.117    1413     3610.4     1121.2
  23.134    1414     3621.9     1087.6
  23.151    1415     3643.5     1061.3
  23.168    1416     3593.7     1130.3
  23.185    1417     3553.4     1057.3
  23.202    1418     3599.1     1083.7
  23.219    1419     3545.6     1055.0
  23.235    1420     3580.5     1105.6
  23.252    1421     3572.2     1078.5
  23.269    1422     3575.0     1033.3
  23.288    1423     3536.3     1084.9
  23.304    1424     3488.0      949.6
  23.321    1425     3512.9     1102.0
  23.338    1426     3484.8     1060.3
  23.355    1427     3466.9      973.0
  23.371    1428     3495.5     1012.4
  23.388    1429     3480.4     1002.3
  23.405    1430     3425.8      993.2
  23.423    1431     3452.6      978.3
  23.440    1432     3456.5      942.2
  23.457    1433     3467.7      947.1
  23.474    1434     3432.4      900.0
  23.491    1435     3443.0      929.1
  23.507    1436     3441.4      907.9
  23.523    1437     3373.1      902.9
  23.540    1438     3405.8      904.5
  23.557    1439     3439.9      909.9
  23.574    1440     3483.9      955.4
  23.591    1441     3441.7      994.5
  23.608    1442     3465.4      909.3
  23.626    1443     3462.6      984.7
  23.642    1444     3445.3      968.2
  23.658    1445     3457.3      923.1
  23.675    1446     3432.7      955.9
  23.694    1447     3456.5      974.6
  23.710    1448     3499.3      888.1
  23.727    1449     3512.7      954.3
  23.744    1450     3465.5      944.1
  23.761    1451     3490.3     1008.6
  23.777    1452     3459.2      961.6
  23.794    1453     3645.4      726.9
  23.811    1454     3554.3      989.1
  23.828    1455     3871.4      620.4
  23.846    1456     3540.6     1007.3
  23.862    1457     3675.8      745.7
  23.879    1458     3550.9     1021.4
  23.896    1459     3715.8      831.2
  23.914    1460     3724.9      803.5
  23.929    1461     3715.4      756.4
  23.946    1462     3888.6      630.3
  23.965    1463     3556.9     1082.5
  23.981    1464     3695.8      819.9
  23.998    1465     3770.0      877.9
  24.015    1466     3538.5     1119.0
  24.034    1467     3567.3     1151.1
  24.050    1468     3742.4      817.9
  24.067    1469     3818.3      830.4
  24.083    1470     3609.0     1165.3
  24.100    1471     3593.2     1165.6
  24.118    1472     3606.0     1183.2
  24.134    1473     3649.6     1181.8
  24.151    1474     3599.2     1199.4
  24.168    1475     3825.7      930.5
  24.185    1476     3619.3     1212.0
  24.201    1477     3792.2      962.7
  24.218    1478     3652.5     1215.0
  24.235    1479     3717.3      818.2
  24.254    1480     3815.9      911.3
  24.270    1481     3506.6     1011.0
  24.287    1482     3400.2      794.0
  24.304    1483     3409.6      787.1
  24.321    1484     3432.3      802.4
  24.337    1485     3433.1      796.7
  24.354    1486     3451.6      811.2
  24.371    1487     3474.2      826.7
  24.388    1488     3471.0      841.3
  24.405    1489     3558.4      900.2
  24.422    1490     3515.1      859.6
  24.439    1491     3462.4      904.4
  24.456    1492     3500.4      897.8
  24.472    1493     3522.8      874.4
  24.491    1494     3555.0      885.4
  24.507    1495     3554.9      908.5
  24.524    1496     3582.1      960.5
  24.541    1497     3605.3     1077.8
  24.558    1498     3642.4     1014.9
  24.575    1499     3626.4     1095.8
  24.593    1500     3657.8     1124.9
  24.609    1501     3719.7     1115.6
  24.626    1502     3708.6     1039.4
  24.643    1503     3686.3     1134.0
  24.660    1504     3711.9     1042.2
  24.677    1505     3673.1     1077.8
  24.694    1506     3709.5     1035.9
  24.711    1507     3736.2     1106.8
  24.728    1508     3707.3     1130.2
  24.745    1509     3710.2     1125.5
  24.761    1510     3672.2     1018.4
  24.778    1511     3718.3     1110.1
  24.795    1512     3692.1     1103.2
  24.812    1513     3705.9     1088.0
  24.829    1514     3695.1     1114.0
  24.846    1515     3642.9     1110.8
  24.863    1516     3679.3     1138.2
  24.880    1517     3675.9     1113.2
  24.896    1518     3676.7     1097.1
  24.913    1519     3646.1     1073.5
  24.930    1520     3710.6     1185.1
  24.947    1521     3733.7     1191.8
  24.966    1522     3690.1     1166.4
  24.982    1523     3744.5     1164.6
  24.999    1524     3678.8     1025.8
  25.016    1525     3715.5     1109.8
  25.032    1526     3623.9     1000.7
  25.051    1527     3629.5     1014.2
  25.067    1528     3691.3     1077.5
  25.084    1529     3585.4      956.1
  25.101    1530     3606.5      940.4
  25.118    1531     3632.6      975.3
  25.135    1532     3613.9      951.4
  25.152    1533     3840.8      715.2
  25.168    1534     3600.9      907.0
  25.185    1535     3721.1     1041.0
  25.202    1536     3680.0      985.3
  25.219    1537     3663.5      963.2
  25.236    1538     3686.3      944.8
  25.253    1539     3773.9     1045.3
  25.270    1540     3862.9     1218.0
  25.288    1541     3868.1     1184.7
  25.304    1542     3839.2     1124.4
  25.321    1543     3816.5     1189.1
  25.338    1544     3883.1     1157.1
  25.355    1545     3955.4     1212.4
  25.374    1546     3548.1      645.1
  25.390    1547     3701.5      932.0
  25.408    1548     3730.6      911.3
  25.424    1549     3785.5     1010.6
  25.441    1550     3786.5     1001.5
  25.458    1551     3945.4     1271.8
  25.477    1552     3799.0     1018.2
  25.493    1553     3846.2     1073.9
  25.510    1554     3811.2     1036.2
  25.527    1555     3836.1     1015.9
  25.544    1556     3958.7     1208.8
  25.560    1557     3907.4     1056.2
  25.577    1558     3883.5     1090.9
  25.594    1559     4013.9     1296.9
  25.611    1560     3826.1     1016.2
  25.628    1561     3792.4     1015.8
  25.645    1562     3814.7     1064.8
  25.662    1563     3840.8     1059.4
  25.679    1564     4002.4     1348.5
  25.696    1565     4052.3     1264.4
  25.712    1566     4040.6     1270.2
  25.729    1567     4016.4     1230.5
  25.745    1568     4002.0     1195.9
  25.763    1569     4027.8     1179.7
  25.779    1570     4019.4     1253.6
  25.797    1571     4056.9     1213.8
  25.814    1572     4047.2     1199.4
  25.831    1573     4015.0     1168.5
  25.847    1574     4038.0     1211.0
  25.864    1575     4039.3     1127.3
  25.881    1576     4021.3     1187.3
  25.898    1577     4013.1     1207.9
  25.915    1578     4028.2     1151.5
  25.932    1579     4035.0     1132.4
  25.948    1580     4008.5     1131.5
  25.966    1581     4015.7     1102.7
  25.982    1582     3992.8     1104.2
  25.999    1583     4001.3     1048.8
  26.015    1584     3980.3     1076.9
  26.033    1585     3964.9     1023.1
  26.050    1586     4002.8     1073.6
  26.067    1587     3990.0     1010.7
  26.084    1588     3971.4     1003.3
  26.101    1589     4020.7     1022.5
  26.118    1590     4101.5     1175.7
  26.133    1591     4161.8     1143.3
  26.151    1592     4268.3     1290.6
  26.167    1593     4163.0     1173.0
  26.185    1594     4162.1     1222.6
  26.201    1595     4206.4     1162.1
  26.218    1596     4135.7     1159.8
  26.236    1597     4163.5     1218.1
  26.253    1598     4163.9     1112.8
  26.270    1599     4129.2     1139.6
  26.286    1600     4108.9     1118.6
  26.303    1601     4051.3     1119.7
  26.320    1602     4104.3     1077.1
  26.337    1603     4067.6     1068.9
  26.353    1604     4015.0     1025.9
  26.370    1605     4027.4     1048.0
  26.388    1606     4081.9     1031.0
  26.404    1607     4038.2     1035.2
  26.420    1608     4079.2     1044.4
  26.438    1609     4068.7     1086.8
  26.455    1610     4122.6     1118.6
  26.472    1611     4111.1     1087.3
  26.489    1612     4121.7     1072.2
  26.506    1613     4139.2     1145.9
  26.523    1614     4154.3     1105.3
  26.540    1615     4164.6     1101.5
  26.555    1616     4164.0     1083.6
  26.572    1617     4192.2     1132.3
  26.589    1618     4189.6     1078.0
  26.606    1619     4178.5     1102.5
  26.624    1620     4212.6     1125.4
  26.641    1621     4224.8     1118.3
  26.658    1622     4210.7     1128.8
  26.675    1623     4240.0     1138.6
  26.691    1624     4129.9      992.2
  26.708    1625     4281.6     1148.4
  26.725    1626     4285.1     1228.0
  26.741    1627     4343.2     1139.4
  26.758    1628     4248.3     1115.7
  26.775    1629     4184.7     1047.8
  26.792    1630     4247.0     1154.5
  26.810    1631     4237.2     1147.6
  26.827    1632     4289.5     1193.8
  26.844    1633     4283.1     1202.7
  26.861    1634     4272.1     1222.8
  26.878    1635     4267.3     1164.6
  26.895    1636     4291.4     1236.7
  26.912    1637     4314.7     1193.0
  26.929    1638     4335.4     1214.8
  26.945    1639     4346.2     1223.6
  26.962    1640     4331.4     1249.8
  26.979    1641     4319.7     1251.3
  26.996    1642     4338.0     1310.8
  27.012    1643     4378.7     1226.8
  27.031    1644     4393.2     1236.0
  27.047    1645     4374.2     1341.4
  27.064    1646     4405.5     1348.8
  27.081    1647     4374.7     1286.0
  27.098    1648     4347.5     1295.8
  27.114    1649     4411.8     1342.3
  27.131    1650     4418.5     1286.8
  27.147    1651     4414.8     1357.3
  27.164    1652     4440.5     1335.5
  27.181    1653     4426.5     1376.1
  27.198    1654     4349.4     1331.0
  27.215    1655     4416.5     1386.5
  27.234    1656     4399.8     1330.2
  27.250    1657     4424.0     1419.7
  27.267    1658     4381.3     1327.2
  27.284    1659     4432.8     1356.8
  27.301    1660     4419.2     1390.1
  27.318    1661     4378.5     1381.0
  27.335    1662     4422.1     1439.2
  27.351    1663     4464.9     1342.9
  27.368    1664     4264.1     1136.3
  27.384    1665     4279.9     1118.1
  27.401    1666     4314.2     1132.8
  27.418    1667     4484.5     1460.4
  27.436    1668     4486.4     1509.5
  27.454    1669     4482.9     1510.6
  27.472    1670     4495.5     1567.3
  27.488    1671     4338.0     1344.7
  27.505    1672     4354.8     1343.7
  27.521    1673     4344.7     1313.5
  27.538    1674     4389.1     1696.3
  27.554    1675     4374.0     1498.7
  27.571    1676     4375.6     1471.3
  27.588    1677     4383.9     1424.0
  27.605    1678     4303.0     1567.9
  27.622    1679     4167.7     1401.7
  27.639    1680     4282.6     1259.7
  27.656    1681     4263.4     1262.3
  27.672    1682     4309.7     1312.7
  27.691    1683     4334.3     1322.0
  27.707    1684     4374.4     1370.0
  27.724    1685     4362.0     1319.3
  27.742    1686     4325.9     1364.4
  27.759    1687     4326.6     1343.7
  27.776    1688     4219.4     1309.8
  27.793    1689     4358.2     1418.4
  27.809    1690     4268.1     1548.5
  27.826    1691     4170.5     1621.3
  27.842    1692     4216.8     1615.7
  27.859    1693     4268.2     1607.4
  27.876    1694     4263.8     1522.1
  27.893    1695     4249.9     1558.5
  27.910    1696     4254.6     1543.4
  27.928    1697     4176.5     1371.1
  27.945    1698     4143.9     1345.2
  27.961    1699     4244.1     1510.4
  27.978    1700     4208.6     1438.2
  27.995    1701     4289.1     1566.1
  28.012    1702     4270.0     1538.4
  28.029    1703     4273.0     1493.6
  28.045    1704     4335.1     1572.3
  28.062    1705     4317.6     1529.8
  28.079    1706     4307.7     1528.8
  28.095    1707     4338.8     1544.4
  28.114    1708     4368.6     1538.9
  28.131    1709     4383.2     1607.6
  28.148    1710     4373.2     1551.1
  28.165    1711     4525.6     1525.3
  28.182    1712     4488.4     1435.5
  28.199    1713     4381.6     1575.3
  28.216    1714     4501.9     1482.5
  28.232    1715     4552.9     1411.5
  28.248    1716     4442.4     1533.8
  28.265    1717     4460.2     1573.0
  28.282    1718     4479.9     1488.7
  28.299    1719     4556.2     1549.7
  28.316    1720     4495.5     1485.8
  28.334    1721     4547.0     1589.7
  28.351    1722     4488.4     1430.0
  28.367    1723     4526.7     1440.0
  28.384    1724     4409.3     1395.6
  28.401    1725     4488.6     1425.0
  28.418    1726     4465.4     1313.3
  28.435    1727     4463.9     1380.5
  28.450    1728     4453.1     1319.4
  28.467    1729     4490.6     1386.3
  28.484    1730     4500.8     1452.7
  28.501    1731     4436.2     1413.1
  28.518    1732     4494.7     1369.4
  28.534    1733     4466.9     1377.7
  28.551    1734     4526.0     1427.2
  28.568    1735     4542.3     1449.0
  28.585    1736     4555.2     1437.0
  28.602    1737     4506.6     1360.8
  28.619    1738     4545.2     1359.7
  28.637    1739     4568.6     1402.4
  28.654    1740     4589.5     1460.9
  28.670    1741     4610.9     1459.0
  28.687    1742     4593.3     1423.5
  28.704    1743     4605.3     1415.2
  28.721    1744     4603.1     1418.1
  28.737    1745     4609.9     1445.3
  28.754    1746     4618.1     1406.6
  28.771    1747     4618.9     1451.8
  28.788    1748     4614.4     1474.9
  28.805    1749     4717.6     1434.3
  28.821    1750     4690.1     1426.9
  28.839    1751     4629.7     1372.0
  28.856    1752     4636.2     1474.9
  28.873    1753     4674.6     1409.1
  28.892    1754     4728.2     1391.6
  28.908    1755     4710.5     1468.4
  28.925    1756     4648.6     1469.4
  28.941    1757     4595.8     1274.3
  28.957    1758     4765.1     1429.1
  28.974    1759     4648.4     1284.2
  28.991    1760     4588.1     1261.4
  29.008    1761     4600.8     1234.0
  29.025    1762     4627.8     1211.4
  29.043    1763     4524.4     1099.6
  29.060    1764     4673.5     1260.8
  29.077    1765     4581.7     1233.5
  29.094    1766     4655.6     1276.4
  29.110    1767     4815.1     1474.1
  29.127    1768     4211.0      702.3
  29.143    1769     4135.4      534.9
  29.160    1770     4719.6     1254.2
  29.177    1771     4406.4      877.8
  29.194    1772     4657.4     1188.1
  29.211    1773     4512.5      906.5
  29.228    1774     4791.4     1346.2
  29.245    1775     4657.9     1217.7
  29.262    1776     4503.4      923.3
  29.279    1777     4845.0     1411.7
  29.298    1778     4617.1     1179.0
  29.314    1779     4664.5     1192.8
  29.331    1780     4658.3     1157.1
  29.347    1781     4618.0     1185.6
  29.364    1782     4848.1     1455.5
  29.380    1783     4795.9     1398.7
  29.397    1784     4534.1     1183.6
  29.414    1785     4763.4     1425.9
  29.432    1786     4867.0     1352.6
  29.449    1787     4785.3     1418.9
  29.466    1788     4838.9     1434.1
  29.483    1789     4579.6     1112.4
  29.500    1790     4798.4     1496.7
  29.517    1791     4792.9     1490.3
  29.533    1792     4792.2     1507.7
  29.551    1793     4798.6     1466.2
  29.567    1794     4843.1     1534.6
  29.584    1795     4862.2     1545.6
  29.601    1796     4793.7     1575.6
  29.618    1797     4827.6     1544.8
  29.635    1798     4852.2     1544.9
  29.653    1799     4818.5     1487.3
  29.669    1800     4840.3     1566.5
  29.686    1801     4853.7     1484.9
  29.702    1802     4868.3     1468.0
  29.719    1803     4811.4     1471.8
  29.736    1804     4738.6     1404.6
  29.752    1805     4785.0     1461.7
  29.769    1806     4794.9     1416.6
  29.786    1807     4783.9     1407.3
  29.802    1808     4843.1     1372.3
  29.819    1809     4784.4     1435.8
  29.836    1810     4806.2     1369.5
  29.854    1811     4841.4     1376.0
  29.871    1812     4855.4     1412.1
  29.888    1813     4839.9     1366.1
  29.905    1814     4899.5     1372.4
  29.921    1815     4864.6     1394.2
  29.938    1816     4861.4     1371.4
  29.954    1817     4863.6     1324.6
  29.971    1818     4731.6     1132.2
  29.988    1819     4883.1     1375.1
  30.005    1820     4907.7     1426.6
  30.022    1821     4738.5     1249.4
  30.039    1822     4932.4     1490.8
  30.056    1823     4747.4     1315.1
  30.073    1824     4935.5     1447.0
  30.090    1825     4953.3     1434.8
  30.106    1826     4817.5     1287.9
  30.123    1827     4948.5     1441.3
  30.140    1828     4952.9     1416.1
  30.157    1829     4916.5     1344.2
  30.174    1830     4888.0     1342.4
  30.191    1831     4871.4     1322.5
  30.208    1832     4755.9     1144.6
  30.225    1833     4823.1     1224.0
  30.241    1834     4758.9     1063.7
  30.258    1835     4777.4     1170.2
  30.275    1836     4975.5     1324.2
  30.292    1837     4916.3     1344.0
  30.309    1838     4784.6     1100.8
  30.326    1839     4933.7     1277.3
  30.343    1840     4918.5     1302.1
  30.360    1841     4812.7     1138.0
  30.376    1842     4928.5     1272.7
  30.393    1843     4833.4     1138.3
  30.410    1844     4935.7     1298.9
  30.427    1845     4815.1     1143.8
  30.444    1846     4832.7     1101.3
  30.461    1847     4800.9     1166.2
  30.478    1848     4855.7     1145.2
  30.495    1849     4859.3     1096.4
  30.512    1850     4951.5     1237.1
  30.528    1851     4895.3     1147.6
  30.545    1852     4839.2     1114.4
  30.562    1853     4809.3     1090.6
  30.579    1854     4787.8     1082.5
  30.596    1855     4830.8     1131.1
  30.613    1856     4800.7     1124.5
  30.630    1857     4851.9     1168.1
  30.647    1858     4971.9     1249.8
  30.664    1859     4813.5     1066.1
  30.680    1860     4954.6     1287.1
  30.697    1861     4795.0     1085.3
  30.714    1862     4784.4     1084.7
  30.731    1863     5094.7     1482.7
  30.748    1864     4944.2     1273.2
  30.765    1865     4828.2     1094.7
  30.782    1866     4821.2     1086.5
  30.799    1867     4773.0     1051.2
  30.816    1868     4969.6     1288.8
  30.832    1869     5016.1     1316.2
  30.849    1870     4785.8     1066.1
  30.866    1871     4952.2     1260.3
  30.883    1872     4796.3     1102.8
  30.900    1873     4960.6     1289.9
  30.917    1874     4943.2     1278.3
  30.934    1875     4766.4     1044.6
  30.951    1876     4780.9     1043.4
  30.967    1877     4897.3     1239.7
  30.984    1878     4940.1     1276.4
  31.001    1879     4974.6     1260.9
  31.018    1880     5136.4     1499.3
  31.035    1881     4977.3     1317.3
  31.054    1882     4968.9     1306.2
  31.070    1883     4893.4     1284.7
  31.087    1884     4922.5     1311.8
  31.103    1885     4942.4     1295.5
  31.120    1886     5107.1     1511.1
  31.137    1887     5084.9     1531.4
  31.154    1888     5061.4     1495.2
  31.170    1889     4939.6     1344.0
  31.187    1890     4970.2     1339.0
  31.205    1891     5051.2     1472.0
  31.222    1892     4966.4     1295.4
  31.239    1893     5107.0     1486.1
  31.255    1894     5019.6     1364.6
  31.272    1895     5022.7     1325.0
  31.289    1896     5044.6     1361.3
  31.306    1897     5037.9     1484.1
  31.323    1898     4996.9     1352.8
  31.340    1899     5059.8     1465.3
  31.358    1900     4977.4     1346.1
  31.375    1901     4790.1     1142.3
  31.391    1902     4820.2     1072.8
  31.408    1903     4554.2      990.0
  31.425    1904     4596.7      914.6
  31.442    1905     4843.2     1067.3
  31.459    1906     4728.0     1015.7
  31.477    1907     4707.2      899.2
  31.494    1908     4855.5     1104.5
  31.511    1909     4647.6      852.1
  31.527    1910     4643.3      822.7
  31.544    1911     4621.3      760.9
  31.561    1912     4567.6      813.4
  31.578    1913     4909.7     1001.1
  31.595    1914     4666.0      730.3
  31.612    1915     4670.7      799.0
  31.628    1916     4685.7      820.1
  31.646    1917     4583.0      834.0
  31.662    1918     4611.7      846.6
  31.679    1919     4662.5      863.8
  31.696    1920     4661.9      707.1
  31.713    1921     4686.3      781.4
  31.730    1922     4744.0      780.6
  31.747    1923     4724.5      787.4
  31.764    1924     4699.9      820.3
  31.781    1925     4804.1      823.0
  31.798    1926     4751.3      856.3
  31.814    1927     4805.6      925.6
  31.831    1928     4765.0      903.9
  31.848    1929     4762.9      895.3
  31.865    1930     4802.3      849.5
  31.884    1931     4775.9      821.9
  31.900    1932     4792.3      933.1
  31.917    1933     4815.9      847.7
  31.934    1934     4747.2      851.8
  31.952    1935     4767.4      835.9
  31.967    1936     4806.9      809.1
  31.984    1937     4856.0      833.7
  32.001    1938     4807.9      790.6
  32.018    1939     4843.7      783.5
  32.035    1940     4827.0      837.0
  32.053    1941     4829.9      833.2
  32.071    1942     4798.3      782.0
  32.087    1943     4806.1      800.3
  32.104    1944     4808.8      859.3
  32.121    1945     4987.0     1101.5
  32.138    1946     4835.9      781.8
  32.155    1947     5033.6     1036.6
  32.171    1948     5087.3     1122.1
  32.189    1949     5053.6     1139.4
  32.205    1950     5075.7      904.9
  32.222    1951     5031.0     1034.8
  32.239    1952     5045.9      626.5
  32.257    1953     5069.2     1033.8
  32.274    1954     4851.2      798.1
  32.291    1955     5191.9     1261.5
  32.308    1956     4964.7      768.4
  32.325    1957     5059.5      947.5
  32.342    1958     5092.2      820.6
  32.357    1959     5137.6      889.8
  32.374    1960     5088.3      881.3
  32.391    1961     5238.0      913.4
  32.408    1962     5219.0      941.7
  32.424    1963     5239.6      917.0
  32.442    1964     5153.6     1024.8
  32.458    1965     5207.8      996.8
  32.475    1966     5071.6      890.4
  32.492    1967     5069.5      939.4
  32.508    1968     4976.2      822.7
  32.525    1969     5033.0      728.2
  32.543    1970     4998.0      869.7
  32.560    1971     4971.8      867.7
  32.577    1972     5007.7      738.8
  32.594    1973     4935.0      789.7
  32.612    1974     5002.6      888.8
  32.629    1975     4953.6      741.1
  32.645    1976     4962.4      799.4
  32.662    1977     4960.0      827.1
  32.678    1978     5015.4      827.2
  32.696    1979     4986.7      918.3
  32.712    1980     4958.5      923.1
  32.731    1981     4990.1      943.3
  32.748    1982     5021.2      963.6
  32.764    1983     4947.4      912.2
  32.780    1984     5029.7     1009.8
  32.797    1985     4975.5      936.9
  32.816    1986     5035.8      933.1
  32.832    1987     4983.6      935.4
  32.850    1988     4968.4      923.3
  32.867    1989     5001.8      878.8
  32.884    1990     4922.1      810.2
  32.901    1991     5082.5     1020.2
  32.917    1992     5049.3      958.1
  32.934    1993     4961.3      866.7
  32.951    1994     5172.9     1090.1
  32.968    1995     4995.4      852.3
  32.984    1996     5138.2     1056.0
  33.002    1997     5137.5     1076.5
  33.018    1998     5146.0     1028.1
  33.036    1999     5157.1     1020.8
  33.052    2000     5118.7      986.6
  33.071    2001     5121.2     1016.6
  33.087    2002     5141.7     1094.6
  33.104    2003     5117.4     1088.2
  33.121    2004     5118.3     1085.2
  33.138    2005     5174.8     1126.0
  33.155    2006     5160.0     1073.2
  33.171    2007     5169.5     1080.8
  33.188    2008     5166.0     1093.5
  33.204    2009     5110.0     1104.7
  33.221    2010     5104.4     1121.5
  33.238    2011     5133.9     1156.5
  33.255    2012     5137.9     1167.5
  33.272    2013     5175.4     1174.0
  33.290    2014     5146.7     1115.5
  33.308    2015     5114.5     1177.9
  33.325    2016     5372.0      882.1
  33.341    2017     5412.5      974.3
  33.357    2018     5191.5     1056.5
  33.374    2019     5327.5      793.4
  33.391    2020     5356.1      834.9
  33.408    2021     5290.8      819.2
  33.425    2022     5181.2     1041.1
  33.442    2023     5303.8      791.0
  33.460    2024     5261.9      778.5
  33.476    2025     5531.0      531.0
  33.493    2026     5176.6     1010.9
  33.510    2027     5365.7      763.3
  33.527    2028     5548.4      503.6
  33.544    2029     5288.2     1202.0
  33.561    2030     5471.7      809.1
  33.577    2031     5309.5     1133.3
  33.594    2032     5504.8      886.0
  33.611    2033     5457.0      842.2
  33.627    2034     5473.9      880.1
  33.646    2035     5489.2      913.0
  33.663    2036     5734.1      670.5
  33.682    2037     5658.6      581.8
  33.698    2038     5264.0     1157.5
  33.715    2039     5421.4      868.0
  33.732    2040     5382.0      933.6
  33.748    2041     5569.9      671.0
  33.764    2042     5425.8      932.6
  33.781    2043     5387.7      949.3
  33.798    2044     5195.4     1134.4
  33.815    2045     5201.7     1222.7
  33.832    2046     5274.6     1171.6
  33.849    2047     5431.8      909.4
  33.868    2048     5633.8      673.8
  33.884    2049     5741.5      833.2
  33.901    2050     5836.5      851.4
  33.918    2051     5767.8      866.3
  33.935    2052     5777.0      878.6
  33.952    2053     5800.1      833.9
  33.968    2054     5731.2      778.8
  33.985    2055     5790.9      870.3
  34.002    2056     5793.3      881.1
  34.019    2057     5713.3      858.8
  34.035    2058     5743.9      941.7
  34.052    2059     5669.9      844.8
  34.069    2060     5817.1     1047.2
  34.087    2061     5627.9      984.5
  34.104    2062     5559.3     1014.1
  34.121    2063     5600.3      944.6
  34.138    2064     5601.1      871.5
  34.155    2065     5608.9      992.9
  34.171    2066     5581.5      944.7
  34.186    2067     5493.3     1147.4
  34.203    2068     5562.1     1010.9
  34.220    2069     5672.9      852.5
  34.237    2070     5607.0      945.5
  34.254    2071     5658.1      933.3
  34.271    2072     5635.0      843.0
  34.289    2073     5520.6     1044.7
  34.306    2074     5603.1      997.6
  34.322    2075     5612.1      985.6
  34.339    2076     5602.1     1067.0
  34.356    2077     5762.8     1266.2
  34.372    2078     5633.0     1070.2
  34.389    2079     5594.3     1153.4
  34.406    2080     5863.7     1472.5
  34.423    2081     5816.8     1471.3
  34.440    2082     5663.8     1311.1
  34.457    2083     5780.4     1484.9
  34.473    2084     5749.6     1441.4
  34.490    2085     5812.8     1446.4
  34.508    2086     5798.3     1437.7
  34.524    2087     5743.7     1426.6
  34.542    2088     5678.4     1332.1
  34.559    2089     5716.6     1318.9
  34.575    2090     5688.7     1363.7
  34.593    2091     5601.3     1250.6
  34.609    2092     5608.8     1279.9
  34.626    2093     5561.7     1210.6
  34.643    2094     5588.2     1260.2
  34.662    2095     5530.6     1191.0
  34.678    2096     5577.2     1187.8
  34.695    2097     5550.3     1172.4
  34.712    2098     5575.2     1102.8
  34.729    2099     5580.3     1057.3
  34.745    2100     5583.4     1139.4
  34.762    2101     5525.9     1022.6
  34.779    2102     5550.0     1060.8
  34.796    2103     5520.2     1058.6
  34.815    2104     5487.5     1033.2
  34.830    2105     5475.9     1010.3
  34.847    2106     5528.5     1005.9
  34.863    2107     5685.5     1215.5
  34.880    2108     5680.7     1225.4
  34.898    2109     5656.0     1218.0
  34.914    2110     5970.4     1524.6
  34.931    2111     5902.9     1575.2
  34.948    2112     6006.3     1599.9
  34.965    2113     5984.2     1634.2
  34.983    2114     6014.9     1658.6
  35.000    2115     5767.7     1257.4
  35.016    2116     5621.0     1109.2
  35.033    2117     5610.2     1117.3
  35.050    2118     5693.4     1188.1
  35.067    2119     5671.2     1169.0
  35.084    2120     5622.0     1129.6
  35.102    2121     5579.6     1119.9
  35.118    2122     5584.6     1070.1
  35.135    2123     5620.3     1125.0
  35.152    2124     5689.8     1217.8
  35.167    2125     5639.9     1140.2
  35.184    2126     5645.0     1205.0
  35.201    2127     5627.6     1121.7
  35.220    2128     5742.1     1292.8
  35.236    2129     5643.1     1193.4
  35.253    2130     5704.4     1308.4
  35.270    2131     5739.5     1371.1
  35.287    2132     5789.5     1321.2
  35.303    2133     5730.3     1337.1
  35.320    2134     5720.6     1336.8
  35.337    2135     5772.2     1382.1
  35.354    2136     5801.1     1447.9
  35.371    2137     5779.9     1380.0
  35.388    2138     5741.4     1321.1
  35.405    2139     5820.7     1494.2
  35.422    2140     5778.4     1359.7
  35.438    2141     5749.0     1410.8
  35.455    2142     5810.4     1442.2
  35.474    2143     5798.1     1422.4
  35.490    2144     5796.7     1480.4
  35.507    2145     5792.1     1432.4
  35.524    2146     5762.2     1428.9
  35.541    2147     5790.9     1376.3
  35.558    2148     5784.8     1431.6
  35.574    2149     5791.3     1400.2
  35.591    2150     5792.3     1344.0
  35.608    2151     5721.5     1371.1
  35.625    2152     5714.9     1354.9
  35.642    2153     5727.0     1270.8
  35.659    2154     5700.3     1290.0
  35.676    2155     5699.1     1232.5
  35.693    2156     5767.2     1331.7
  35.709    2157     5668.1     1241.8
  35.726    2158     5651.1     1179.1
  35.743    2159     5740.3     1199.1
  35.760    2160     5724.6     1147.6
  35.777    2161     5681.7     1175.8
  35.794    2162     5670.6     1187.9
  35.811    2163     5707.4     1229.6
  35.828    2164     5764.0     1128.7
  35.845    2165     5733.7     1177.1
  35.861    2166     5725.8     1150.2
  35.878    2167     5722.5     1247.1
  35.895    2168     5811.3     1196.1
  35.912    2169     5722.2     1168.2
  35.931    2170     5733.1     1179.0
  35.948    2171     5769.1     1210.6
  35.965    2172     5722.9     1183.6
  35.981    2173     5775.2     1178.8
  35.998    2174     5777.6     1269.6
  36.015    2175     5801.2     1284.3
  36.033    2176     5818.2     1212.1
  36.049    2177     5768.3     1220.0
  36.066    2178     5798.1     1245.7
  36.083    2179     5794.6     1278.8
  36.100    2180     5811.5     1239.7
  36.116    2181     5829.3     1287.4
  36.133    2182     5816.1     1266.4
  36.150    2183     5825.3     1285.7
  36.167    2184     5872.2     1294.4
  36.184    2185     5821.1     1338.4
  36.201    2186     5827.9     1302.2
  36.218    2187     5836.5     1328.2
  36.235    2188     5859.3     1344.7
  36.252    2189     5862.5     1235.4
  36.268    2190     5856.1     1380.9
  36.285    2191     5816.1     1331.7
  36.302    2192     5823.1     1268.9
  36.319    2193     5778.9     1342.4
  36.336    2194     5861.2     1329.9
  36.354    2195     5854.4     1341.0
  36.370    2196     5861.7     1296.4
  36.387    2197     5841.0     1333.5
  36.403    2198     5864.9     1348.0
  36.420    2199     5842.2     1264.9
  36.437    2200     5775.9     1315.0
  36.454    2201     5759.9     1273.5
  36.471    2202     5780.5     1330.5
  36.488    2203     5780.5     1291.3
  36.505    2204     5841.9     1297.6
  36.522    2205     5795.0     1279.4
  36.539    2206     5785.8     1310.2
  36.555    2207     5773.5     1265.1
  36.572    2208     5850.0     1260.7
  36.591    2209     5806.6     1326.2
  36.607    2210     5804.5     1337.4
  36.624    2211     5819.3     1346.6
  36.641    2212     5836.7     1327.8
  36.658    2213     5798.6     1288.1
  36.674    2214     5779.1     1362.1
  36.691    2215     5796.2     1328.6
  36.708    2216     5820.2     1365.7
  36.725    2217     5877.9     1365.3
  36.742    2218     5815.9     1266.6
  36.759    2219     5892.3     1410.8
  36.776    2220     5796.4     1341.9
  36.793    2221     5825.0     1341.2
  36.811    2222     5855.1     1356.3
  36.827    2223     5864.7     1389.6
  36.846    2224     5877.0     1389.3
  36.862    2225     5901.5     1326.3
  36.879    2226     5830.0     1333.4
  36.896    2227     5818.9     1328.4
  36.914    2228     5796.4     1344.9
  36.931    2229     5878.8     1248.4
  36.947    2230     5827.1     1278.4
  36.964    2231     5838.9     1246.3
  36.981    2232     5801.5     1267.6
  36.998    2233     5842.3     1321.4
  37.015    2234     5887.1     1328.1
  37.032    2235     5884.5     1269.2
  37.049    2236     5852.3     1348.4
  37.066    2237     5864.7     1273.6
  37.082    2238     5838.7     1309.7
  37.099    2239     5877.0     1303.2
  37.116    2240     5856.5     1279.4
  37.132    2241     5892.6     1186.7
  37.149    2242     5813.8     1209.2
  37.166    2243     5884.0     1230.7
  37.183    2244     5867.6     1229.1
  37.200    2245     5852.6     1216.7
  37.217    2246     5866.7     1252.4
  37.233    2247     5830.0     1238.2
  37.250    2248     5889.6     1237.5
  37.267    2249     5888.0     1291.2
  37.284    2250     5854.8     1178.6
  37.301    2251     5867.3     1219.1
  37.318    2252     5894.1     1258.3
  37.335    2253     5913.0     1273.0
  37.352    2254     5913.3     1307.7
  37.369    2255     5910.5     1269.9
  37.385    2256     5936.5     1259.7
  37.404    2257     5917.2     1257.9
  37.420    2258     5887.2     1238.5
  37.437    2259     5971.8     1201.0
  37.454    2260     5837.6     1230.3
  37.471    2261     5898.9     1263.8
  37.488    2262     5860.1     1243.4
  37.505    2263     5920.1     1289.0
  37.521    2264     5885.7     1254.2
  37.538    2265     5926.7     1308.8
  37.555    2266     5889.0     1265.4
  37.572    2267     5865.4     1246.9
[ROBOT] Đã dừng điều khiển xe.

[✓] Dừng. 2267 frames. Log → ls_log.csv
